# 
# Potencial seleccionat:K                                                                               
# 
  0.0000000000E+00  3.0000000000E+03
  5.0000000000E-02  3.0000000000E+03
  1.0000000000E-01  3.0000000000E+03
  1.5000000000E-01  3.0000000000E+03
  2.0000000000E-01  3.0000000000E+03
  2.5000000000E-01  3.0000000000E+03
  3.0000000000E-01  3.0000000000E+03
  3.5000000000E-01  3.0000000000E+03
  4.0000000000E-01  3.0000000000E+03
  4.5000000000E-01  3.0000000000E+03
  5.0000000000E-01  3.0000000000E+03
  5.5000000000E-01  3.0000000000E+03
  6.0000000000E-01  3.0000000000E+03
  6.5000000000E-01  3.0000000000E+03
  7.0000000000E-01  3.0000000000E+03
  7.5000000000E-01  3.0000000000E+03
  8.0000000000E-01  3.0000000000E+03
  8.5000000000E-01  3.0000000000E+03
  9.0000000000E-01  3.0000000000E+03
  9.5000000000E-01  3.0000000000E+03
  1.0000000000E+00  3.0000000000E+03
  1.0500000000E+00  3.0000000000E+03
  1.1000000000E+00  3.0000000000E+03
  1.1500000000E+00  3.0000000000E+03
  1.2000000000E+00  3.0000000000E+03
  1.2500000000E+00  3.0000000000E+03
  1.3000000000E+00  3.0000000000E+03
  1.3500000000E+00  3.0000000000E+03
  1.4000000000E+00  3.0000000000E+03
  1.4500000000E+00  3.0000000000E+03
  1.5000000000E+00  3.0000000000E+03
  1.5500000000E+00  3.0000000000E+03
  1.6000000000E+00  3.0000000000E+03
  1.6500000000E+00  3.0000000000E+03
  1.7000000000E+00  3.0000000000E+03
  1.7500000000E+00  3.0000000000E+03
  1.8000000000E+00  3.0000000000E+03
  1.8500000000E+00  3.0000000000E+03
  1.9000000000E+00  3.0000000000E+03
  1.9500000000E+00  3.0000000000E+03
  2.0000000000E+00  3.0000000000E+03
  2.0500000000E+00  3.0000000000E+03
  2.1000000000E+00  3.0000000000E+03
  2.1500000000E+00  3.0000000000E+03
  2.2000000000E+00  3.0000000000E+03
  2.2500000000E+00  3.0000000000E+03
  2.3000000000E+00  3.0000000000E+03
  2.3500000000E+00  3.0000000000E+03
  2.4000000000E+00  3.0000000000E+03
  2.4500000000E+00  3.0000000000E+03
  2.5000000000E+00  3.0000000000E+03
  2.5500000000E+00  3.0000000000E+03
  2.6000000000E+00  3.0000000000E+03
  2.6500000000E+00  3.0000000000E+03
  2.7000000000E+00  3.0000000000E+03
  2.7500000000E+00  3.0000000000E+03
  2.8000000000E+00  3.0000000000E+03
  2.8500000000E+00  3.0000000000E+03
  2.9000000000E+00  3.0000000000E+03
  2.9500000000E+00  3.0000000000E+03
  3.0000000000E+00  3.0000000000E+03
  3.0500000000E+00  3.0000000000E+03
  3.1000000000E+00  3.0000000000E+03
  3.1500000000E+00  3.0000000000E+03
  3.2000000000E+00  3.0000000000E+03
  3.2500000000E+00  3.0000000000E+03
  3.3000000000E+00  3.0000000000E+03
  3.3500000000E+00  9.0424427146E+02
  3.4000000000E+00  8.3402749514E+02
  3.4500000000E+00  7.6873847698E+02
  3.5000000000E+00  7.0808590848E+02
  3.5500000000E+00  6.5178912834E+02
  3.6000000000E+00  5.9957867563E+02
  3.6500000000E+00  5.5119665522E+02
  3.7000000000E+00  5.0639694361E+02
  3.7500000000E+00  4.6494526036E+02
  3.8000000000E+00  4.2661912709E+02
  3.8500000000E+00  3.9120773337E+02
  3.9000000000E+00  3.5851172635E+02
  3.9500000000E+00  3.2834293901E+02
  4.0000000000E+00  3.0052406958E+02
  4.0500000000E+00  2.7488832338E+02
  4.1000000000E+00  2.5127902639E+02
  4.1500000000E+00  2.2954921883E+02
  4.2000000000E+00  2.0956123557E+02
  4.2500000000E+00  1.9118627925E+02
  4.3000000000E+00  1.7430399105E+02
  4.3500000000E+00  1.5880202316E+02
  4.4000000000E+00  1.4457561636E+02
  4.4500000000E+00  1.3152718550E+02
  4.5000000000E+00  1.1956591497E+02
  4.5500000000E+00  1.0860736608E+02
  4.6000000000E+00  9.8573097548E+01
  4.6500000000E+00  8.9390300131E+01
  4.7000000000E+00  8.0991446178E+01
  4.7500000000E+00  7.3313954433E+01
  4.8000000000E+00  6.6299870416E+01
  4.8500000000E+00  5.9895562415E+01
  4.9000000000E+00  5.4051433007E+01
  4.9500000000E+00  4.8721645907E+01
  5.0000000000E+00  4.3863867846E+01
  5.0500000000E+00  3.9439025097E+01
  5.1000000000E+00  3.5411074205E+01
  5.1500000000E+00  3.1746786435E+01
  5.2000000000E+00  2.8415545423E+01
  5.2500000000E+00  2.5389157468E+01
  5.3000000000E+00  2.2641673929E+01
  5.3500000000E+00  2.0149225127E+01
  5.4000000000E+00  1.7889865212E+01
  5.4500000000E+00  1.5843427414E+01
  5.5000000000E+00  1.3991389121E+01
  5.5500000000E+00  1.2316746251E+01
  5.6000000000E+00  1.0803896363E+01
  5.6500000000E+00  9.4385300268E+00
  5.7000000000E+00  8.2075299202E+00
  5.7500000000E+00  7.0988772025E+00
  5.8000000000E+00  6.1015646944E+00
  5.8500000000E+00  5.2055164330E+00
  5.9000000000E+00  4.4015131851E+00
  5.9500000000E+00  3.6811235243E+00
  6.0000000000E+00  3.0366400989E+00
  6.0500000000E+00  2.4610207349E+00
  6.1000000000E+00  1.9478340430E+00
  6.1500000000E+00  1.4912092121E+00
  6.2000000000E+00  1.0857896954E+00
  6.2500000000E+00  7.2669050941E-01
  6.3000000000E+00  4.0945888678E-01
  6.3500000000E+00  1.3003803663E-01
  6.4000000000E+00 -1.1526621469E-01
  6.4500000000E+00 -3.2981611685E-01
  6.5000000000E+00 -5.1667022205E-01
  6.5500000000E+00 -6.7860933073E-01
  6.6000000000E+00 -8.1816032982E-01
  6.6500000000E+00 -9.3761808476E-01
  6.7000000000E+00 -1.0390655352E+00
  6.7500000000E+00 -1.1243921339E+00
  6.8000000000E+00 -1.1953107577E+00
  6.8500000000E+00 -1.2533732109E+00
  6.9000000000E+00 -1.2999844327E+00
  6.9500000000E+00 -1.3364155107E+00
  7.0000000000E+00 -1.3638155963E+00
  7.0500000000E+00 -1.3832228104E+00
  7.1000000000E+00 -1.3955742211E+00
  7.1500000000E+00 -1.4017149683E+00
  7.2000000000E+00 -1.4024066042E+00
  7.2500000000E+00 -1.3983347160E+00
  7.3000000000E+00 -1.3901158872E+00
  7.3500000000E+00 -1.3783040550E+00
  7.4000000000E+00 -1.3633963112E+00
  7.4500000000E+00 -1.3458381958E+00
  7.5000000000E+00 -1.3260285234E+00
  7.5500000000E+00 -1.3043237836E+00
  7.6000000000E+00 -1.2810421499E+00
  7.6500000000E+00 -1.2564671321E+00
  7.7000000000E+00 -1.2308509002E+00
  7.7500000000E+00 -1.2044173108E+00
  7.8000000000E+00 -1.1773646589E+00
  7.8500000000E+00 -1.1498681804E+00
  7.9000000000E+00 -1.1220823263E+00
  7.9500000000E+00 -1.0941428291E+00
  8.0000000000E+00 -1.0661685782E+00
  8.0500000000E+00 -1.0382633223E+00
  8.1000000000E+00 -1.0105172141E+00
  8.1500000000E+00 -9.8300820966E-01
  8.2000000000E+00 -9.5580333721E-01
  8.2500000000E+00 -9.2895984599E-01
  8.3000000000E+00 -9.0252624591E-01
  8.3500000000E+00 -8.7654324815E-01
  8.4000000000E+00 -8.5104461528E-01
  8.4500000000E+00 -8.2605792946E-01
  8.5000000000E+00 -8.0160528576E-01
  8.5500000000E+00 -7.7770391780E-01
  8.6000000000E+00 -7.5436676157E-01
  8.6500000000E+00 -7.3160296349E-01
  8.7000000000E+00 -7.0941833745E-01
  8.7500000000E+00 -6.8781577598E-01
  8.8000000000E+00 -6.6679561948E-01
  8.8500000000E+00 -6.4635598767E-01
  8.9000000000E+00 -6.2649307675E-01
  8.9500000000E+00 -6.0720142544E-01
  9.0000000000E+00 -5.8847415298E-01
  9.0500000000E+00 -5.7030317171E-01
  9.1000000000E+00 -5.5267937669E-01
  9.1500000000E+00 -5.3559281456E-01
  9.2000000000E+00 -5.1903283368E-01
  9.2500000000E+00 -5.0298821742E-01
  9.3000000000E+00 -4.8744730215E-01
  9.3500000000E+00 -4.7239808157E-01
  9.4000000000E+00 -4.5782829874E-01
  9.4500000000E+00 -4.4372552686E-01
  9.5000000000E+00 -4.3007724024E-01
  9.5500000000E+00 -4.1687087625E-01
  9.6000000000E+00 -4.0409388918E-01
  9.6500000000E+00 -3.9173379704E-01
  9.7000000000E+00 -3.7977822179E-01
  9.7500000000E+00 -3.6821492388E-01
  9.8000000000E+00 -3.5703183170E-01
  9.8500000000E+00 -3.4621706634E-01
  9.9000000000E+00 -3.3575896237E-01
  9.9500000000E+00 -3.2564608496E-01
  1.0000000000E+01 -3.1586724381E-01
  1.0050000000E+01 -3.0641150421E-01
  1.0100000000E+01 -2.9726819560E-01
  1.0150000000E+01 -2.8842691796E-01
  1.0200000000E+01 -2.7987754619E-01
  1.0250000000E+01 -2.7161023282E-01
  1.0300000000E+01 -2.6361540926E-01
  1.0350000000E+01 -2.5588378567E-01
  1.0400000000E+01 -2.4840634985E-01
  1.0450000000E+01 -2.4117436502E-01
  1.0500000000E+01 -2.3417936684E-01
  1.0550000000E+01 -2.2741315976E-01
  1.0600000000E+01 -2.2086781270E-01
  1.0650000000E+01 -2.1453565430E-01
  1.0700000000E+01 -2.0840926770E-01
  1.0750000000E+01 -2.0248148503E-01
  1.0800000000E+01 -1.9674538164E-01
  1.0850000000E+01 -1.9119427010E-01
  1.0900000000E+01 -1.8582169403E-01
  1.0950000000E+01 -1.8062142188E-01
  1.1000000000E+01 -1.7558744060E-01
  1.1050000000E+01 -1.7071394929E-01
  1.1100000000E+01 -1.6599535285E-01
  1.1150000000E+01 -1.6142625569E-01
  1.1200000000E+01 -1.5700145540E-01
  1.1250000000E+01 -1.5271593662E-01
  1.1300000000E+01 -1.4856486486E-01
  1.1350000000E+01 -1.4454358051E-01
  1.1400000000E+01 -1.4064759297E-01
  1.1450000000E+01 -1.3687257480E-01
  1.1500000000E+01 -1.3321435611E-01
  1.1550000000E+01 -1.2966891903E-01
  1.1600000000E+01 -1.2623239232E-01
  1.1650000000E+01 -1.2290104616E-01
  1.1700000000E+01 -1.1967128702E-01
  1.1750000000E+01 -1.1653965275E-01
  1.1800000000E+01 -1.1350280778E-01
  1.1850000000E+01 -1.1055753842E-01
  1.1900000000E+01 -1.0770074846E-01
  1.1950000000E+01 -1.0492945469E-01
  1.2000000000E+01 -1.0224078279E-01
  1.2050000000E+01 -9.9631963216E-02
  1.2100000000E+01 -9.7100327259E-02
  1.2150000000E+01 -9.4643303270E-02
  1.2200000000E+01 -9.2258412993E-02
  1.2250000000E+01 -8.9943268031E-02
  1.2300000000E+01 -8.7695566450E-02
  1.2350000000E+01 -8.5513089492E-02
  1.2400000000E+01 -8.3393698425E-02
  1.2450000000E+01 -8.1335331496E-02
  1.2500000000E+01 -7.9336001005E-02
  1.2550000000E+01 -7.7393790493E-02
  1.2600000000E+01 -7.5506852024E-02
  1.2650000000E+01 -7.3673403583E-02
  1.2700000000E+01 -7.1891726568E-02
  1.2750000000E+01 -7.0160163378E-02
  1.2800000000E+01 -6.8477115098E-02
  1.2850000000E+01 -6.6841039266E-02
  1.2900000000E+01 -6.5250447740E-02
  1.2950000000E+01 -6.3703904629E-02
  1.3000000000E+01 -6.2200024327E-02
  1.3050000000E+01 -6.0737469604E-02
  1.3100000000E+01 -5.9314949788E-02
  1.3150000000E+01 -5.7931219002E-02
  1.3200000000E+01 -5.6585074490E-02
  1.3250000000E+01 -5.5275354989E-02
  1.3300000000E+01 -5.4000939178E-02
  1.3350000000E+01 -5.2760744187E-02
  1.3400000000E+01 -5.1553724156E-02
  1.3450000000E+01 -5.0378868863E-02
  1.3500000000E+01 -4.9235202395E-02
  1.3550000000E+01 -4.8121781878E-02
  1.3600000000E+01 -4.7037696258E-02
  1.3650000000E+01 -4.5982065122E-02
  1.3700000000E+01 -4.4954037574E-02
  1.3750000000E+01 -4.3952791150E-02
  1.3800000000E+01 -4.2977530778E-02
  1.3850000000E+01 -4.2027487778E-02
  1.3900000000E+01 -4.1101918899E-02
  1.3950000000E+01 -4.0200105399E-02
  1.4000000000E+01 -3.9321352154E-02
  1.4050000000E+01 -3.8464986806E-02
  1.4100000000E+01 -3.7630358944E-02
  1.4150000000E+01 -3.6816839317E-02
  1.4200000000E+01 -3.6023819075E-02
  1.4250000000E+01 -3.5250709038E-02
  1.4300000000E+01 -3.4496939002E-02
  1.4350000000E+01 -3.3761957061E-02
  1.4400000000E+01 -3.3045228962E-02
  1.4450000000E+01 -3.2346237481E-02
  1.4500000000E+01 -3.1664481826E-02
  1.4550000000E+01 -3.0999477057E-02
  1.4600000000E+01 -3.0350753539E-02
  1.4650000000E+01 -2.9717856400E-02
  1.4700000000E+01 -2.9100345027E-02
  1.4750000000E+01 -2.8497792567E-02
  1.4800000000E+01 -2.7909785453E-02
  1.4850000000E+01 -2.7335922948E-02
  1.4900000000E+01 -2.6775816705E-02
  1.4950000000E+01 -2.6229090341E-02
  1.5000000000E+01 -2.5695379032E-02
  1.5050000000E+01 -2.5174329122E-02
  1.5100000000E+01 -2.4665597739E-02
  1.5150000000E+01 -2.4168852436E-02
  1.5200000000E+01 -2.3683770840E-02
  1.5250000000E+01 -2.3210040309E-02
  1.5300000000E+01 -2.2747357615E-02
  1.5350000000E+01 -2.2295428623E-02
  1.5400000000E+01 -2.1853967992E-02
  1.5450000000E+01 -2.1422698885E-02
  1.5500000000E+01 -2.1001352686E-02
  1.5550000000E+01 -2.0589668730E-02
  1.5600000000E+01 -2.0187394044E-02
  1.5650000000E+01 -1.9794283093E-02
  1.5700000000E+01 -1.9410097540E-02
  1.5750000000E+01 -1.9034606010E-02
  1.5800000000E+01 -1.8667583865E-02
  1.5850000000E+01 -1.8308812991E-02
  1.5900000000E+01 -1.7958081580E-02
  1.5950000000E+01 -1.7615183933E-02
  1.6000000000E+01 -1.7279920267E-02
  1.6050000000E+01 -1.6952096518E-02
  1.6100000000E+01 -1.6631524170E-02
  1.6150000000E+01 -1.6318020069E-02
  1.6200000000E+01 -1.6011406262E-02
  1.6250000000E+01 -1.5711509829E-02
  1.6300000000E+01 -1.5418162725E-02
  1.6350000000E+01 -1.5131201630E-02
  1.6400000000E+01 -1.4850467798E-02
  1.6450000000E+01 -1.4575806921E-02
  1.6500000000E+01 -1.4307068984E-02
  1.6550000000E+01 -1.4044108138E-02
  1.6600000000E+01 -1.3786782569E-02
  1.6650000000E+01 -1.3534954374E-02
  1.6700000000E+01 -1.3288489445E-02
  1.6750000000E+01 -1.3047257348E-02
  1.6800000000E+01 -1.2811131214E-02
  1.6850000000E+01 -1.2579987631E-02
  1.6900000000E+01 -1.2353706540E-02
  1.6950000000E+01 -1.2132171132E-02
  1.7000000000E+01 -1.1915267752E-02
  1.7050000000E+01 -1.1702885803E-02
  1.7100000000E+01 -1.1494917657E-02
  1.7150000000E+01 -1.1291258564E-02
  1.7200000000E+01 -1.1091806569E-02
  1.7250000000E+01 -1.0896462427E-02
  1.7300000000E+01 -1.0705129524E-02
  1.7350000000E+01 -1.0517713802E-02
  1.7400000000E+01 -1.0334123679E-02
  1.7450000000E+01 -1.0154269981E-02
  1.7500000000E+01 -9.9780658693E-03
  1.7550000000E+01 -9.8054267739E-03
  1.7600000000E+01 -9.6362703271E-03
  1.7650000000E+01 -9.4705163002E-03
  1.7700000000E+01 -9.3080865416E-03
  1.7750000000E+01 -9.1489049173E-03
  1.7800000000E+01 -8.9928972529E-03
  1.7850000000E+01 -8.8399912779E-03
  1.7900000000E+01 -8.6901165711E-03
  1.7950000000E+01 -8.5432045085E-03
  1.8000000000E+01 -8.3991882120E-03
  1.8050000000E+01 -8.2580025005E-03
  1.8100000000E+01 -8.1195838418E-03
  1.8150000000E+01 -7.9838703062E-03
  1.8200000000E+01 -7.8508015223E-03
  1.8250000000E+01 -7.7203186325E-03
  1.8300000000E+01 -7.5923642519E-03
  1.8350000000E+01 -7.4668824265E-03
  1.8400000000E+01 -7.3438185943E-03
  1.8450000000E+01 -7.2231195463E-03
  1.8500000000E+01 -7.1047333898E-03
  1.8550000000E+01 -6.9886095117E-03
  1.8600000000E+01 -6.8746985441E-03
  1.8650000000E+01 -6.7629523297E-03
  1.8700000000E+01 -6.6533238891E-03
  1.8750000000E+01 -6.5457673891E-03
  1.8800000000E+01 -6.4402381112E-03
  1.8850000000E+01 -6.3366924217E-03
  1.8900000000E+01 -6.2350877425E-03
  1.8950000000E+01 -6.1353825230E-03
  1.9000000000E+01 -6.0375362119E-03
  1.9050000000E+01 -5.9415092313E-03
  1.9100000000E+01 -5.8472629504E-03
  1.9150000000E+01 -5.7547596601E-03
  1.9200000000E+01 -5.6639625492E-03
  1.9250000000E+01 -5.5748356801E-03
  1.9300000000E+01 -5.4873439662E-03
  1.9350000000E+01 -5.4014531491E-03
  1.9400000000E+01 -5.3171297773E-03
  1.9450000000E+01 -5.2343411850E-03
  1.9500000000E+01 -5.1530554715E-03
  1.9550000000E+01 -5.0732414813E-03
  1.9600000000E+01 -4.9948687851E-03
  1.9650000000E+01 -4.9179076605E-03
  1.9700000000E+01 -4.8423290742E-03
  1.9750000000E+01 -4.7681046640E-03
  1.9800000000E+01 -4.6952067219E-03
  1.9850000000E+01 -4.6236081768E-03
  1.9900000000E+01 -4.5532825789E-03
  1.9950000000E+01 -4.4842040834E-03
  2.0000000000E+01 -4.4163474353E-03
  2.0050000000E+01 -4.3496879545E-03
  2.0100000000E+01 -4.2842015213E-03
  2.0150000000E+01 -4.2198645621E-03
  2.0200000000E+01 -4.1566540358E-03
  2.0250000000E+01 -4.0945474205E-03
  2.0300000000E+01 -4.0335227004E-03
  2.0350000000E+01 -3.9735583531E-03
  2.0400000000E+01 -3.9146333377E-03
  2.0450000000E+01 -3.8567270825E-03
  2.0500000000E+01 -3.7998194732E-03
  2.0550000000E+01 -3.7438908424E-03
  2.0600000000E+01 -3.6889219576E-03
  2.0650000000E+01 -3.6348940112E-03
  2.0700000000E+01 -3.5817886100E-03
  2.0750000000E+01 -3.5295877646E-03
  2.0800000000E+01 -3.4782738801E-03
  2.0850000000E+01 -3.4278297464E-03
  2.0900000000E+01 -3.3782385285E-03
  2.0950000000E+01 -3.3294837578E-03
  2.1000000000E+01 -3.2815493232E-03
  2.1050000000E+01 -3.2344194622E-03
  2.1100000000E+01 -3.1880787530E-03
  2.1150000000E+01 -3.1425121059E-03
  2.1200000000E+01 -3.0977047554E-03
  2.1250000000E+01 -3.0536422529E-03
  2.1300000000E+01 -3.0103104586E-03
  2.1350000000E+01 -2.9676955345E-03
  2.1400000000E+01 -2.9257839371E-03
  2.1450000000E+01 -2.8845624107E-03
  2.1500000000E+01 -2.8440179802E-03
  2.1550000000E+01 -2.8041379448E-03
  2.1600000000E+01 -2.7649098715E-03
  2.1650000000E+01 -2.7263215889E-03
  2.1700000000E+01 -2.6883611807E-03
  2.1750000000E+01 -2.6510169806E-03
  2.1800000000E+01 -2.6142775654E-03
  2.1850000000E+01 -2.5781317503E-03
  2.1900000000E+01 -2.5425685828E-03
  2.1950000000E+01 -2.5075773377E-03
  2.2000000000E+01 -2.4731475117E-03
  2.2050000000E+01 -2.4392688182E-03
  2.2100000000E+01 -2.4059311825E-03
  2.2150000000E+01 -2.3731247370E-03
  2.2200000000E+01 -2.3408398162E-03
  2.2250000000E+01 -2.3090669526E-03
  2.2300000000E+01 -2.2777968714E-03
  2.2350000000E+01 -2.2470204872E-03
  2.2400000000E+01 -2.2167288987E-03
  2.2450000000E+01 -2.1869133852E-03
  2.2500000000E+01 -2.1575654024E-03
  2.2550000000E+01 -2.1286765780E-03
  2.2600000000E+01 -2.1002387087E-03
  2.2650000000E+01 -2.0722437556E-03
  2.2700000000E+01 -2.0446838410E-03
  2.2750000000E+01 -2.0175512448E-03
  2.2800000000E+01 -1.9908384007E-03
  2.2850000000E+01 -1.9645378931E-03
  2.2900000000E+01 -1.9386424537E-03
  2.2950000000E+01 -1.9131449580E-03
  2.3000000000E+01 -1.8880384226E-03
  2.3050000000E+01 -1.8633160017E-03
  2.3100000000E+01 -1.8389709844E-03
  2.3150000000E+01 -1.8149967914E-03
  2.3200000000E+01 -1.7913869724E-03
  2.3250000000E+01 -1.7681352033E-03
  2.3300000000E+01 -1.7452352832E-03
  2.3350000000E+01 -1.7226811322E-03
  2.3400000000E+01 -1.7004667881E-03
  2.3450000000E+01 -1.6785864045E-03
  2.3500000000E+01 -1.6570342482E-03
  2.3550000000E+01 -1.6358046963E-03
  2.3600000000E+01 -1.6148922345E-03
  2.3650000000E+01 -1.5942914542E-03
  2.3700000000E+01 -1.5739970505E-03
  2.3750000000E+01 -1.5540038203E-03
  2.3800000000E+01 -1.5343066595E-03
  2.3850000000E+01 -1.5149005613E-03
  2.3900000000E+01 -1.4957806142E-03
  2.3950000000E+01 -1.4769419997E-03
  2.4000000000E+01 -1.4583799907E-03
  2.4050000000E+01 -1.4400899491E-03
  2.4100000000E+01 -1.4220673245E-03
  2.4150000000E+01 -1.4043076519E-03
  2.4200000000E+01 -1.3868065502E-03
  2.4250000000E+01 -1.3695597203E-03
  2.4300000000E+01 -1.3525629435E-03
  2.4350000000E+01 -1.3358120796E-03
  2.4400000000E+01 -1.3193030657E-03
  2.4450000000E+01 -1.3030319142E-03
  2.4500000000E+01 -1.2869947114E-03
  2.4550000000E+01 -1.2711876161E-03
  2.4600000000E+01 -1.2556068580E-03
  2.4650000000E+01 -1.2402487360E-03
  2.4700000000E+01 -1.2251096172E-03
  2.4750000000E+01 -1.2101859354E-03
  2.4800000000E+01 -1.1954741896E-03
  2.4850000000E+01 -1.1809709428E-03
  2.4900000000E+01 -1.1666728205E-03
  2.4950000000E+01 -1.1525765097E-03
  2.5000000000E+01 -1.1386787576E-03
  2.5050000000E+01 -1.1249763702E-03
  2.5100000000E+01 -1.1114662114E-03
  2.5150000000E+01 -1.0981452017E-03
  2.5200000000E+01 -1.0850103168E-03
  2.5250000000E+01 -1.0720585870E-03
  2.5300000000E+01 -1.0592870959E-03
  2.5350000000E+01 -1.0466929790E-03
  2.5400000000E+01 -1.0342734232E-03
  2.5450000000E+01 -1.0220256657E-03
  2.5500000000E+01 -1.0099469924E-03
  2.5550000000E+01 -9.9803473781E-04
  2.5600000000E+01 -9.8628628350E-04
  2.5650000000E+01 -9.7469905738E-04
  2.5700000000E+01 -9.6327053273E-04
  2.5750000000E+01 -9.5199822739E-04
  2.5800000000E+01 -9.4087970279E-04
  2.5850000000E+01 -9.2991256319E-04
  2.5900000000E+01 -9.1909445477E-04
  2.5950000000E+01 -9.0842306487E-04
  2.6000000000E+01 -8.9789612117E-04
  2.6050000000E+01 -8.8751139091E-04
  2.6100000000E+01 -8.7726668010E-04
  2.6150000000E+01 -8.6715983282E-04
  2.6200000000E+01 -8.5718873047E-04
  2.6250000000E+01 -8.4735129104E-04
  2.6300000000E+01 -8.3764546839E-04
  2.6350000000E+01 -8.2806925163E-04
  2.6400000000E+01 -8.1862066439E-04
  2.6450000000E+01 -8.0929776415E-04
  2.6500000000E+01 -8.0009864167E-04
  2.6550000000E+01 -7.9102142027E-04
  2.6600000000E+01 -7.8206425529E-04
  2.6650000000E+01 -7.7322533341E-04
  2.6700000000E+01 -7.6450287212E-04
  2.6750000000E+01 -7.5589511912E-04
  2.6800000000E+01 -7.4740035172E-04
  2.6850000000E+01 -7.3901687635E-04
  2.6900000000E+01 -7.3074302794E-04
  2.6950000000E+01 -7.2257716944E-04
  2.7000000000E+01 -7.1451769128E-04
  2.7050000000E+01 -7.0656301084E-04
  2.7100000000E+01 -6.9871157200E-04
  2.7150000000E+01 -6.9096184457E-04
  2.7200000000E+01 -6.8331232389E-04
  2.7250000000E+01 -6.7576153030E-04
  2.7300000000E+01 -6.6830800871E-04
  2.7350000000E+01 -6.6095032813E-04
  2.7400000000E+01 -6.5368708124E-04
  2.7450000000E+01 -6.4651688395E-04
  2.7500000000E+01 -6.3943837496E-04
  2.7550000000E+01 -6.3245021538E-04
  2.7600000000E+01 -6.2555108827E-04
  2.7650000000E+01 -6.1873969829E-04
  2.7700000000E+01 -6.1201477127E-04
  2.7750000000E+01 -6.0537505385E-04
  2.7800000000E+01 -5.9881931308E-04
  2.7850000000E+01 -5.9234633609E-04
  2.7900000000E+01 -5.8595492968E-04
  2.7950000000E+01 -5.7964391998E-04
  2.8000000000E+01 -5.7341215213E-04
  2.8050000000E+01 -5.6725848990E-04
  2.8100000000E+01 -5.6118181539E-04
  2.8150000000E+01 -5.5518102867E-04
  2.8200000000E+01 -5.4925504748E-04
  2.8250000000E+01 -5.4340280692E-04
  2.8300000000E+01 -5.3762325912E-04
  2.8350000000E+01 -5.3191537295E-04
  2.8400000000E+01 -5.2627813371E-04
  2.8450000000E+01 -5.2071054288E-04
  2.8500000000E+01 -5.1521161777E-04
  2.8550000000E+01 -5.0978039130E-04
  2.8600000000E+01 -5.0441591169E-04
  2.8650000000E+01 -4.9911724221E-04
  2.8700000000E+01 -4.9388346089E-04
  2.8750000000E+01 -4.8871366030E-04
  2.8800000000E+01 -4.8360694726E-04
  2.8850000000E+01 -4.7856244261E-04
  2.8900000000E+01 -4.7357928097E-04
  2.8950000000E+01 -4.6865661048E-04
  2.9000000000E+01 -4.6379359258E-04
  2.9050000000E+01 -4.5898940179E-04
  2.9100000000E+01 -4.5424322545E-04
  2.9150000000E+01 -4.4955426354E-04
  2.9200000000E+01 -4.4492172842E-04
  2.9250000000E+01 -4.4034484466E-04
  2.9300000000E+01 -4.3582284880E-04
  2.9350000000E+01 -4.3135498914E-04
  2.9400000000E+01 -4.2694052557E-04
  2.9450000000E+01 -4.2257872934E-04
  2.9500000000E+01 -4.1826888291E-04
  2.9550000000E+01 -4.1401027968E-04
  2.9600000000E+01 -4.0980222390E-04
  2.9650000000E+01 -4.0564403042E-04
  2.9700000000E+01 -4.0153502451E-04
  2.9750000000E+01 -3.9747454174E-04
  2.9800000000E+01 -3.9346192775E-04
  2.9850000000E+01 -3.8949653809E-04
  2.9900000000E+01 -3.8557773807E-04
  2.9950000000E+01 -3.8170490261E-04
  3.0000000000E+01 -3.7787741603E-04
  3.0050000000E+01 -3.7409467193E-04
  3.0100000000E+01 -3.7035607302E-04
  3.0150000000E+01 -3.6666103099E-04
  3.0200000000E+01 -3.6300896632E-04
  3.0250000000E+01 -3.5939930817E-04
  3.0300000000E+01 -3.5583149423E-04
  3.0350000000E+01 -3.5230497055E-04
  3.0400000000E+01 -3.4881919144E-04
  3.0450000000E+01 -3.4537361932E-04
  3.0500000000E+01 -3.4196772456E-04
  3.0550000000E+01 -3.3860098541E-04
  3.0600000000E+01 -3.3527288780E-04
  3.0650000000E+01 -3.3198292526E-04
  3.0700000000E+01 -3.2873059878E-04
  3.0750000000E+01 -3.2551541669E-04
  3.0800000000E+01 -3.2233689453E-04
  3.0850000000E+01 -3.1919455497E-04
  3.0900000000E+01 -3.1608792764E-04
  3.0950000000E+01 -3.1301654905E-04
  3.1000000000E+01 -3.0997996248E-04
  3.1050000000E+01 -3.0697771785E-04
  3.1100000000E+01 -3.0400937165E-04
  3.1150000000E+01 -3.0107448677E-04
  3.1200000000E+01 -2.9817263247E-04
  3.1250000000E+01 -2.9530338422E-04
  3.1300000000E+01 -2.9246632364E-04
  3.1350000000E+01 -2.8966103837E-04
  3.1400000000E+01 -2.8688712201E-04
  3.1450000000E+01 -2.8414417398E-04
  3.1500000000E+01 -2.8143179945E-04
  3.1550000000E+01 -2.7874960928E-04
  3.1600000000E+01 -2.7609721986E-04
  3.1650000000E+01 -2.7347425307E-04
  3.1700000000E+01 -2.7088033621E-04
  3.1750000000E+01 -2.6831510185E-04
  3.1800000000E+01 -2.6577818780E-04
  3.1850000000E+01 -2.6326923702E-04
  3.1900000000E+01 -2.6078789752E-04
  3.1950000000E+01 -2.5833382228E-04
  3.2000000000E+01 -2.5590666921E-04
  3.2050000000E+01 -2.5350610102E-04
  3.2100000000E+01 -2.5113178519E-04
  3.2150000000E+01 -2.4878339385E-04
  3.2200000000E+01 -2.4646060376E-04
  3.2250000000E+01 -2.4416309620E-04
  3.2300000000E+01 -2.4189055689E-04
  3.2350000000E+01 -2.3964267599E-04
  3.2400000000E+01 -2.3741914793E-04
  3.2450000000E+01 -2.3521967143E-04
  3.2500000000E+01 -2.3304394938E-04
  3.2550000000E+01 -2.3089168882E-04
  3.2600000000E+01 -2.2876260082E-04
  3.2650000000E+01 -2.2665640048E-04
  3.2700000000E+01 -2.2457280682E-04
  3.2750000000E+01 -2.2251154274E-04
  3.2800000000E+01 -2.2047233496E-04
  3.2850000000E+01 -2.1845491395E-04
  3.2900000000E+01 -2.1645901391E-04
  3.2950000000E+01 -2.1448437266E-04
  3.3000000000E+01 -2.1253073161E-04
  3.3050000000E+01 -2.1059783572E-04
  3.3100000000E+01 -2.0868543342E-04
  3.3150000000E+01 -2.0679327658E-04
  3.3200000000E+01 -2.0492112044E-04
  3.3250000000E+01 -2.0306872358E-04
  3.3300000000E+01 -2.0123584782E-04
  3.3350000000E+01 -1.9942225825E-04
  3.3400000000E+01 -1.9762772311E-04
  3.3450000000E+01 -1.9585201378E-04
  3.3500000000E+01 -1.9409490473E-04
  3.3550000000E+01 -1.9235617346E-04
  3.3600000000E+01 -1.9063560046E-04
  3.3650000000E+01 -1.8893296916E-04
  3.3700000000E+01 -1.8724806592E-04
  3.3750000000E+01 -1.8558067993E-04
  3.3800000000E+01 -1.8393060322E-04
  3.3850000000E+01 -1.8229763058E-04
  3.3900000000E+01 -1.8068155955E-04
  3.3950000000E+01 -1.7908219035E-04
  3.4000000000E+01 -1.7749932585E-04
  3.4050000000E+01 -1.7593277157E-04
  3.4100000000E+01 -1.7438233556E-04
  3.4150000000E+01 -1.7284782843E-04
  3.4200000000E+01 -1.7132906331E-04
  3.4250000000E+01 -1.6982585577E-04
  3.4300000000E+01 -1.6833802381E-04
  3.4350000000E+01 -1.6686538783E-04
  3.4400000000E+01 -1.6540777060E-04
  3.4450000000E+01 -1.6396499718E-04
  3.4500000000E+01 -1.6253689497E-04
  3.4550000000E+01 -1.6112329357E-04
  3.4600000000E+01 -1.5972402485E-04
  3.4650000000E+01 -1.5833892284E-04
  3.4700000000E+01 -1.5696782376E-04
  3.4750000000E+01 -1.5561056594E-04
  3.4800000000E+01 -1.5426698981E-04
  3.4850000000E+01 -1.5293693786E-04
  3.4900000000E+01 -1.5162025464E-04
  3.4950000000E+01 -1.5031678669E-04
  3.5000000000E+01 -1.4902638255E-04
  3.5050000000E+01 -1.4774889267E-04
  3.5100000000E+01 -1.4648416948E-04
  3.5150000000E+01 -1.4523206727E-04
  3.5200000000E+01 -1.4399244220E-04
  3.5250000000E+01 -1.4276515229E-04
  3.5300000000E+01 -1.4155005735E-04
  3.5350000000E+01 -1.4034701902E-04
  3.5400000000E+01 -1.3915590068E-04
  3.5450000000E+01 -1.3797656743E-04
  3.5500000000E+01 -1.3680888614E-04
  3.5550000000E+01 -1.3565272531E-04
  3.5600000000E+01 -1.3450795516E-04
  3.5650000000E+01 -1.3337444752E-04
  3.5700000000E+01 -1.3225207586E-04
  3.5750000000E+01 -1.3114071523E-04
  3.5800000000E+01 -1.3004024227E-04
  3.5850000000E+01 -1.2895053518E-04
  3.5900000000E+01 -1.2787147367E-04
  3.5950000000E+01 -1.2680293898E-04
  3.6000000000E+01 -1.2574481383E-04
  3.6050000000E+01 -1.2469698240E-04
  3.6100000000E+01 -1.2365933035E-04
  3.6150000000E+01 -1.2263174474E-04
  3.6200000000E+01 -1.2161411404E-04
  3.6250000000E+01 -1.2060632811E-04
  3.6300000000E+01 -1.1960827820E-04
  3.6350000000E+01 -1.1861985689E-04
  3.6400000000E+01 -1.1764095810E-04
  3.6450000000E+01 -1.1667147705E-04
  3.6500000000E+01 -1.1571131028E-04
  3.6550000000E+01 -1.1476035559E-04
  3.6600000000E+01 -1.1381851204E-04
  3.6650000000E+01 -1.1288567995E-04
  3.6700000000E+01 -1.1196176086E-04
  3.6750000000E+01 -1.1104665749E-04
  3.6800000000E+01 -1.1014027380E-04
  3.6850000000E+01 -1.0924251490E-04
  3.6900000000E+01 -1.0835328706E-04
  3.6950000000E+01 -1.0747249770E-04
  3.7000000000E+01 -1.0660005538E-04
  3.7050000000E+01 -1.0573586975E-04
  3.7100000000E+01 -1.0487985157E-04
  3.7150000000E+01 -1.0403191271E-04
  3.7200000000E+01 -1.0319196606E-04
  3.7250000000E+01 -1.0235992561E-04
  3.7300000000E+01 -1.0153570637E-04
  3.7350000000E+01 -1.0071922437E-04
  3.7400000000E+01 -9.9910396664E-05
  3.7450000000E+01 -9.9109141313E-05
  3.7500000000E+01 -9.8315377352E-05
  3.7550000000E+01 -9.7529024791E-05
  3.7600000000E+01 -9.6750004604E-05
  3.7650000000E+01 -9.5978238710E-05
  3.7700000000E+01 -9.5213649962E-05
  3.7750000000E+01 -9.4456162137E-05
  3.7800000000E+01 -9.3705699920E-05
  3.7850000000E+01 -9.2962188897E-05
  3.7900000000E+01 -9.2225555536E-05
  3.7950000000E+01 -9.1495727184E-05
  3.8000000000E+01 -9.0772632048E-05
  3.8050000000E+01 -9.0056199185E-05
  3.8100000000E+01 -8.9346358497E-05
  3.8150000000E+01 -8.8643040710E-05
  3.8200000000E+01 -8.7946177372E-05
  3.8250000000E+01 -8.7255700837E-05
  3.8300000000E+01 -8.6571544256E-05
  3.8350000000E+01 -8.5893641567E-05
  3.8400000000E+01 -8.5221927483E-05
  3.8450000000E+01 -8.4556337486E-05
  3.8500000000E+01 -8.3896807812E-05
  3.8550000000E+01 -8.3243275443E-05
  3.8600000000E+01 -8.2595678098E-05
  3.8650000000E+01 -8.1953954225E-05
  3.8700000000E+01 -8.1318042987E-05
  3.8750000000E+01 -8.0687884257E-05
  3.8800000000E+01 -8.0063418606E-05
  3.8850000000E+01 -7.9444587296E-05
  3.8900000000E+01 -7.8831332271E-05
  3.8950000000E+01 -7.8223596146E-05
  3.9000000000E+01 -7.7621322201E-05
  3.9050000000E+01 -7.7024454370E-05
  3.9100000000E+01 -7.6432937236E-05
  3.9150000000E+01 -7.5846716018E-05
  3.9200000000E+01 -7.5265736567E-05
  3.9250000000E+01 -7.4689945357E-05
  3.9300000000E+01 -7.4119289476E-05
  3.9350000000E+01 -7.3553716617E-05
  3.9400000000E+01 -7.2993175075E-05
  3.9450000000E+01 -7.2437613733E-05
  3.9500000000E+01 -7.1886982060E-05
  3.9550000000E+01 -7.1341230101E-05
  3.9600000000E+01 -7.0800308470E-05
  3.9650000000E+01 -7.0264168342E-05
  3.9700000000E+01 -6.9732761448E-05
  3.9750000000E+01 -6.9206040066E-05
  3.9800000000E+01 -6.8683957015E-05
  3.9850000000E+01 -6.8166465650E-05
  3.9900000000E+01 -6.7653519849E-05
  3.9950000000E+01 -6.7145074015E-05
  4.0000000000E+01 -6.6641083064E-05
  4.0050000000E+01 -6.6141502418E-05
  4.0100000000E+01 -6.5646288003E-05
  4.0150000000E+01 -6.5155396239E-05
  4.0200000000E+01 -6.4668784034E-05
  4.0250000000E+01 -6.4186408781E-05
  4.0300000000E+01 -6.3708228348E-05
  4.0350000000E+01 -6.3234201075E-05
  4.0400000000E+01 -6.2764285767E-05
  4.0450000000E+01 -6.2298441689E-05
  4.0500000000E+01 -6.1836628557E-05
  4.0550000000E+01 -6.1378806539E-05
  4.0600000000E+01 -6.0924936243E-05
  4.0650000000E+01 -6.0474978713E-05
  4.0700000000E+01 -6.0028895428E-05
  4.0750000000E+01 -5.9586648292E-05
  4.0800000000E+01 -5.9148199628E-05
  4.0850000000E+01 -5.8713512178E-05
  4.0900000000E+01 -5.8282549093E-05
  4.0950000000E+01 -5.7855273930E-05
  4.1000000000E+01 -5.7431650649E-05
  4.1050000000E+01 -5.7011643603E-05
  4.1100000000E+01 -5.6595217537E-05
  4.1150000000E+01 -5.6182337583E-05
  4.1200000000E+01 -5.5772969256E-05
  4.1250000000E+01 -5.5367078445E-05
  4.1300000000E+01 -5.4964631413E-05
  4.1350000000E+01 -5.4565594791E-05
  4.1400000000E+01 -5.4169935575E-05
  4.1450000000E+01 -5.3777621116E-05
  4.1500000000E+01 -5.3388619123E-05
  4.1550000000E+01 -5.3002897656E-05
  4.1600000000E+01 -5.2620425119E-05
  4.1650000000E+01 -5.2241170259E-05
  4.1700000000E+01 -5.1865102162E-05
  4.1750000000E+01 -5.1492190245E-05
  4.1800000000E+01 -5.1122404259E-05
  4.1850000000E+01 -5.0755714278E-05
  4.1900000000E+01 -5.0392090698E-05
  4.1950000000E+01 -5.0031504236E-05
  4.2000000000E+01 -4.9673925920E-05
  4.2050000000E+01 -4.9319327090E-05
  4.2100000000E+01 -4.8967679395E-05
  4.2150000000E+01 -4.8618954783E-05
  4.2200000000E+01 -4.8273125506E-05
  4.2250000000E+01 -4.7930164110E-05
  4.2300000000E+01 -4.7590043433E-05
  4.2350000000E+01 -4.7252736604E-05
  4.2400000000E+01 -4.6918217037E-05
  4.2450000000E+01 -4.6586458429E-05
  4.2500000000E+01 -4.6257434753E-05
  4.2550000000E+01 -4.5931120263E-05
  4.2600000000E+01 -4.5607489480E-05
  4.2650000000E+01 -4.5286517199E-05
  4.2700000000E+01 -4.4968178479E-05
  4.2750000000E+01 -4.4652448641E-05
  4.2800000000E+01 -4.4339303269E-05
  4.2850000000E+01 -4.4028718200E-05
  4.2900000000E+01 -4.3720669529E-05
  4.2950000000E+01 -4.3415133598E-05
  4.3000000000E+01 -4.3112087001E-05
  4.3050000000E+01 -4.2811506574E-05
  4.3100000000E+01 -4.2513369396E-05
  4.3150000000E+01 -4.2217652788E-05
  4.3200000000E+01 -4.1924334303E-05
  4.3250000000E+01 -4.1633391733E-05
  4.3300000000E+01 -4.1344803097E-05
  4.3350000000E+01 -4.1058546646E-05
  4.3400000000E+01 -4.0774600854E-05
  4.3450000000E+01 -4.0492944421E-05
  4.3500000000E+01 -4.0213556265E-05
  4.3550000000E+01 -3.9936415525E-05
  4.3600000000E+01 -3.9661501554E-05
  4.3650000000E+01 -3.9388793918E-05
  4.3700000000E+01 -3.9118272396E-05
  4.3750000000E+01 -3.8849916972E-05
  4.3800000000E+01 -3.8583707839E-05
  4.3850000000E+01 -3.8319625392E-05
  4.3900000000E+01 -3.8057650228E-05
  4.3950000000E+01 -3.7797763142E-05
  4.4000000000E+01 -3.7539945128E-05
  4.4050000000E+01 -3.7284177372E-05
  4.4100000000E+01 -3.7030441253E-05
  4.4150000000E+01 -3.6778718342E-05
  4.4200000000E+01 -3.6528990395E-05
  4.4250000000E+01 -3.6281239355E-05
  4.4300000000E+01 -3.6035447351E-05
  4.4350000000E+01 -3.5791596689E-05
  4.4400000000E+01 -3.5549669860E-05
  4.4450000000E+01 -3.5309649528E-05
  4.4500000000E+01 -3.5071518535E-05
  4.4550000000E+01 -3.4835259896E-05
  4.4600000000E+01 -3.4600856798E-05
  4.4650000000E+01 -3.4368292596E-05
  4.4700000000E+01 -3.4137550817E-05
  4.4750000000E+01 -3.3908615149E-05
  4.4800000000E+01 -3.3681469447E-05
  4.4850000000E+01 -3.3456097728E-05
  4.4900000000E+01 -3.3232484169E-05
  4.4950000000E+01 -3.3010613105E-05
  4.5000000000E+01 -3.2790469029E-05
  4.5050000000E+01 -3.2572036588E-05
  4.5100000000E+01 -3.2355300585E-05
  4.5150000000E+01 -3.2140245971E-05
  4.5200000000E+01 -3.1926857851E-05
  4.5250000000E+01 -3.1715121474E-05
  4.5300000000E+01 -3.1505022240E-05
  4.5350000000E+01 -3.1296545691E-05
  4.5400000000E+01 -3.1089677514E-05
  4.5450000000E+01 -3.0884403538E-05
  4.5500000000E+01 -3.0680709732E-05
  4.5550000000E+01 -3.0478582204E-05
  4.5600000000E+01 -3.0278007198E-05
  4.5650000000E+01 -3.0078971096E-05
  4.5700000000E+01 -2.9881460414E-05
  4.5750000000E+01 -2.9685461798E-05
  4.5800000000E+01 -2.9490962030E-05
  4.5850000000E+01 -2.9297948017E-05
  4.5900000000E+01 -2.9106406799E-05
  4.5950000000E+01 -2.8916325540E-05
  4.6000000000E+01 -2.8727691532E-05
  4.6050000000E+01 -2.8540492188E-05
  4.6100000000E+01 -2.8354715049E-05
  4.6150000000E+01 -2.8170347773E-05
  4.6200000000E+01 -2.7987378141E-05
  4.6250000000E+01 -2.7805794052E-05
  4.6300000000E+01 -2.7625583524E-05
  4.6350000000E+01 -2.7446734690E-05
  4.6400000000E+01 -2.7269235800E-05
  4.6450000000E+01 -2.7093075216E-05
  4.6500000000E+01 -2.6918241413E-05
  4.6550000000E+01 -2.6744722980E-05
  4.6600000000E+01 -2.6572508613E-05
  4.6650000000E+01 -2.6401587121E-05
  4.6700000000E+01 -2.6231947416E-05
  4.6750000000E+01 -2.6063578522E-05
  4.6800000000E+01 -2.5896469566E-05
  4.6850000000E+01 -2.5730609779E-05
  4.6900000000E+01 -2.5565988498E-05
  4.6950000000E+01 -2.5402595159E-05
  4.7000000000E+01 -2.5240419302E-05
  4.7050000000E+01 -2.5079450567E-05
  4.7100000000E+01 -2.4919678691E-05
  4.7150000000E+01 -2.4761093511E-05
  4.7200000000E+01 -2.4603684960E-05
  4.7250000000E+01 -2.4447443069E-05
  4.7300000000E+01 -2.4292357961E-05
  4.7350000000E+01 -2.4138419856E-05
  4.7400000000E+01 -2.3985619063E-05
  4.7450000000E+01 -2.3833945988E-05
  4.7500000000E+01 -2.3683391124E-05
  4.7550000000E+01 -2.3533945056E-05
  4.7600000000E+01 -2.3385598457E-05
  4.7650000000E+01 -2.3238342090E-05
  4.7700000000E+01 -2.3092166804E-05
  4.7750000000E+01 -2.2947063533E-05
  4.7800000000E+01 -2.2803023300E-05
  4.7850000000E+01 -2.2660037209E-05
  4.7900000000E+01 -2.2518096450E-05
  4.7950000000E+01 -2.2377192295E-05
  4.8000000000E+01 -2.2237316098E-05
  4.8050000000E+01 -2.2098459292E-05
  4.8100000000E+01 -2.1960613395E-05
  4.8150000000E+01 -2.1823770000E-05
  4.8200000000E+01 -2.1687920780E-05
  4.8250000000E+01 -2.1553057487E-05
  4.8300000000E+01 -2.1419171948E-05
  4.8350000000E+01 -2.1286256067E-05
  4.8400000000E+01 -2.1154301824E-05
  4.8450000000E+01 -2.1023301272E-05
  4.8500000000E+01 -2.0893246540E-05
  4.8550000000E+01 -2.0764129828E-05
  4.8600000000E+01 -2.0635943410E-05
  4.8650000000E+01 -2.0508679630E-05
  4.8700000000E+01 -2.0382330903E-05
  4.8750000000E+01 -2.0256889715E-05
  4.8800000000E+01 -2.0132348622E-05
  4.8850000000E+01 -2.0008700247E-05
  4.8900000000E+01 -1.9885937281E-05
  4.8950000000E+01 -1.9764052484E-05
  4.9000000000E+01 -1.9643038681E-05
  4.9050000000E+01 -1.9522888762E-05
  4.9100000000E+01 -1.9403595686E-05
  4.9150000000E+01 -1.9285152473E-05
  4.9200000000E+01 -1.9167552207E-05
  4.9250000000E+01 -1.9050788038E-05
  4.9300000000E+01 -1.8934853176E-05
  4.9350000000E+01 -1.8819740895E-05
  4.9400000000E+01 -1.8705444528E-05
  4.9450000000E+01 -1.8591957470E-05
  4.9500000000E+01 -1.8479273176E-05
  4.9550000000E+01 -1.8367385162E-05
  4.9600000000E+01 -1.8256287000E-05
  4.9650000000E+01 -1.8145972323E-05
  4.9700000000E+01 -1.8036434819E-05
  4.9750000000E+01 -1.7927668236E-05
  4.9800000000E+01 -1.7819666377E-05
  4.9850000000E+01 -1.7712423101E-05
  4.9900000000E+01 -1.7605932323E-05
  4.9950000000E+01 -1.7500188012E-05
  5.0000000000E+01 -1.7395184192E-05
