# 
# r/Sigma/Pi                                                                      
# 
  2.2500000000E+00  5.0107615459E+03  3.4314126874E+02
  2.3000000000E+00  4.5145430625E+03  1.7167315675E+02
  2.3500000000E+00  4.1488364797E+03  3.6502439440E+01
  2.4000000000E+00  3.9259742977E+03 -7.0833502675E+01
  2.4500000000E+00  3.8093060635E+03 -1.5523930261E+02
  2.5000000000E+00  3.7552466630E+03 -2.2021992578E+02
  2.5500000000E+00  3.7298355711E+03 -2.6877061249E+02
  2.6000000000E+00  3.7119574036E+03 -3.0363923123E+02
  2.6500000000E+00  3.6910323939E+03 -3.2733964146E+02
  2.7000000000E+00  3.6633469667E+03 -3.4210331212E+02
  2.7500000000E+00  3.6288438130E+03 -3.4984376265E+02
  2.8000000000E+00  3.5889079293E+03 -3.5215212206E+02
  2.8500000000E+00  3.5450976280E+03 -3.5031909141E+02
  2.9000000000E+00  3.4985699765E+03 -3.4537243970E+02
  2.9500000000E+00  3.4499362198E+03 -3.3812015091E+02
  3.0000000000E+00  3.3993392620E+03 -3.2919246518E+02
  3.0500000000E+00  3.3466148818E+03 -3.1907911848E+02
  3.1000000000E+00  3.2914573028E+03 -3.0816035013E+02
  3.1500000000E+00  3.2335516278E+03 -2.9673165416E+02
  3.2000000000E+00  3.1726617525E+03 -2.8502297934E+02
  3.2500000000E+00  3.1086765264E+03 -2.7321335908E+02
  3.3000000000E+00  3.0416231075E+03 -2.6144196359E+02
  3.3500000000E+00  2.9716578949E+03 -2.4981644816E+02
  3.4000000000E+00  2.8990443996E+03 -2.3841930546E+02
  3.4500000000E+00  2.8241253879E+03 -2.2731276403E+02
  3.5000000000E+00  2.7472944367E+03 -2.1654263151E+02
  3.5500000000E+00  2.6689701035E+03 -2.0614136626E+02
  3.6000000000E+00  2.5895743923E+03 -1.9613057546E+02
  3.6500000000E+00  2.5095161058E+03 -1.8652307562E+02
  3.7000000000E+00  2.4291789654E+03 -1.7732460953E+02
  3.7500000000E+00  2.3489139691E+03 -1.6853528483E+02
  3.8000000000E+00  2.2690352637E+03 -1.6015078118E+02
  3.8500000000E+00  2.1898187577E+03 -1.5216336140E+02
  3.9000000000E+00  2.1115027498E+03 -1.4456271426E+02
  3.9500000000E+00  2.0342899338E+03 -1.3733665202E+02
  4.0000000000E+00  1.9583502574E+03 -1.3047168261E+02
  4.0500000000E+00  1.8838242248E+03 -1.2395347395E+02
  4.1000000000E+00  1.8108263388E+03 -1.1776722602E+02
  4.1500000000E+00  1.7394484679E+03 -1.1189796477E+02
  4.2000000000E+00  1.6697629996E+03 -1.0633077040E+02
  4.2500000000E+00  1.6018256972E+03 -1.0105095089E+02
  4.3000000000E+00  1.5356782229E+03 -9.6044170759E+01
  4.3500000000E+00  1.4713503200E+03 -9.1296543150E+01
  4.4000000000E+00  1.4088616673E+03 -8.6794692681E+01
  4.4500000000E+00  1.3482234342E+03 -8.2525795009E+01
  4.5000000000E+00  1.2894395694E+03 -7.8477598256E+01
  4.5500000000E+00  1.2325078594E+03 -7.4638430510E+01
  4.6000000000E+00  1.1774207950E+03 -7.0997196848E+01
  4.6500000000E+00  1.1241662781E+03 -6.7543368668E+01
  4.7000000000E+00  1.0727282002E+03 -6.4266967554E+01
  4.7500000000E+00  1.0230869192E+03 -6.1158545430E+01
  4.8000000000E+00  9.7521965826E+02 -5.8209162361E+01
  4.8500000000E+00  9.2910084287E+02 -5.5410363052E+01
  4.9000000000E+00  8.8470239433E+02 -5.2754152813E+01
  4.9500000000E+00  8.4199398912E+02 -5.0232973577E+01
  5.0000000000E+00  8.0094329437E+02 -4.7839680378E+01
  5.0500000000E+00  7.6151618573E+02 -4.5567518568E+01
  5.1000000000E+00  7.2367695258E+02 -4.3410101965E+01
  5.1500000000E+00  6.8738849367E+02 -4.1361392032E+01
  5.2000000000E+00  6.5261250544E+02 -3.9415678146E+01
  5.2500000000E+00  6.1930966385E+02 -3.7567558977E+01
  5.3000000000E+00  5.8743980047E+02 -3.5811924942E+01
  5.3500000000E+00  5.5696207274E+02 -3.4143941726E+01
  5.4000000000E+00  5.2783512795E+02 -3.2559034798E+01
  5.4500000000E+00  5.0001726081E+02 -3.1052874886E+01
  5.5000000000E+00  4.7346656370E+02 -2.9621364342E+01
  5.5500000000E+00  4.4814106932E+02 -2.8260624349E+01
  5.6000000000E+00  4.2399888509E+02 -2.6966982893E+01
  5.6500000000E+00  4.0099831888E+02 -2.5736963477E+01
  5.7000000000E+00  3.7909799585E+02 -2.4567274487E+01
  5.7500000000E+00  3.5825696596E+02 -2.3454799194E+01
  5.8000000000E+00  3.3843480229E+02 -2.2396586329E+01
  5.8500000000E+00  3.1959168990E+02 -2.1389841197E+01
  5.9000000000E+00  3.0168850551E+02 -2.0431917288E+01
  5.9500000000E+00  2.8468688811E+02 -1.9520308359E+01
  6.0000000000E+00  2.6854930068E+02 -1.8652640944E+01
  6.0500000000E+00  2.5323908349E+02 -1.7826667279E+01
  6.1000000000E+00  2.3872049923E+02 -1.7040258603E+01
  6.1500000000E+00  2.2495877041E+02 -1.6291398817E+01
  6.2000000000E+00  2.1192010950E+02 -1.5578178482E+01
  6.2500000000E+00  1.9957174232E+02 -1.4898789135E+01
  6.3000000000E+00  1.8788192507E+02 -1.4251517900E+01
  6.3500000000E+00  1.7681995551E+02 -1.3634742390E+01
  6.4000000000E+00  1.6635617887E+02 -1.3046925865E+01
  6.4500000000E+00  1.5646198885E+02 -1.2486612659E+01
  6.5000000000E+00  1.4710982425E+02 -1.1952423829E+01
  6.5500000000E+00  1.3827316164E+02 -1.1443053051E+01
  6.6000000000E+00  1.2992650450E+02 -1.0957262715E+01
  6.6500000000E+00  1.2204536935E+02 -1.0493880239E+01
  6.7000000000E+00  1.1460626905E+02 -1.0051794568E+01
  6.7500000000E+00  1.0758669384E+02 -9.6299528665E+00
  6.8000000000E+00  1.0096509037E+02 -9.2273573773E+00
  6.8500000000E+00  9.4720838967E+01 -8.8430624575E+00
  6.9000000000E+00  8.8834229621E+01 -8.4761717658E+00
  6.9500000000E+00  8.3286436736E+01 -8.1258356036E+00
  7.0000000000E+00  7.8059493058E+01 -7.7912483980E+00
  7.0500000000E+00  7.3136262919E+01 -7.4716463210E+00
  7.1000000000E+00  6.8500415016E+01 -7.1663050370E+00
  7.1500000000E+00  6.4136394918E+01 -6.8745375730E+00
  7.2000000000E+00  6.0029397437E+01 -6.5956923038E+00
  7.2500000000E+00  5.6165339033E+01 -6.3291510480E+00
  7.3000000000E+00  5.2530830356E+01 -6.0743272665E+00
  7.3500000000E+00  4.9113149051E+01 -5.8306643613E+00
  7.4000000000E+00  4.5900212914E+01 -5.5976340663E+00
  7.4500000000E+00  4.2880553483E+01 -5.3747349272E+00
  7.5000000000E+00  4.0043290137E+01 -5.1614908642E+00
  7.5500000000E+00  3.7378104757E+01 -4.9574498148E+00
  7.6000000000E+00  3.4875217006E+01 -4.7621824507E+00
  7.6500000000E+00  3.2525360260E+01 -4.5752809657E+00
  7.7000000000E+00  3.0319758227E+01 -4.3963579305E+00
  7.7500000000E+00  2.8250102276E+01 -4.2250452104E+00
  7.8000000000E+00  2.6308529493E+01 -4.0609929434E+00
  7.8500000000E+00  2.4487601483E+01 -3.9038685741E+00
  7.9000000000E+00  2.2780283906E+01 -3.7533559409E+00
  7.9500000000E+00  2.1179926780E+01 -3.6091544141E+00
  8.0000000000E+00  1.9680245515E+01 -3.4709780809E+00
  8.0500000000E+00  1.8275302694E+01 -3.3385549754E+00
  8.1000000000E+00  1.6959490592E+01 -3.2116263514E+00
  8.1500000000E+00  1.5727514411E+01 -3.0899459945E+00
  8.2000000000E+00  1.4574376223E+01 -2.9732795724E+00
  8.2500000000E+00  1.3495359611E+01 -2.8614040205E+00
  8.3000000000E+00  1.2486014986E+01 -2.7541069611E+00
  8.3500000000E+00  1.1542145564E+01 -2.6511861548E+00
  8.4000000000E+00  1.0659793978E+01 -2.5524489810E+00
  8.4500000000E+00  9.8352295213E+00 -2.4577119471E+00
  8.5000000000E+00  9.0649359833E+00 -2.3668002243E+00
  8.5500000000E+00  8.3456000714E+00 -2.2795472083E+00
  8.6000000000E+00  7.6741003903E+00 -2.1957941042E+00
  8.6500000000E+00  7.0474969627E+00 -2.1153895328E+00
  8.7000000000E+00  6.4630212682E+00 -2.0381891592E+00
  8.7500000000E+00  5.9180667810E+00 -1.9640553402E+00
  8.8000000000E+00  5.4101799857E+00 -1.8928567914E+00
  8.8500000000E+00  4.9370518521E+00 -1.8244682715E+00
  8.9000000000E+00  4.4965097483E+00 -1.7587702833E+00
  8.9500000000E+00  4.0865097739E+00 -1.6956487910E+00
  9.0000000000E+00  3.7051294937E+00 -1.6349949519E+00
  9.0500000000E+00  3.3505610555E+00 -1.5767048624E+00
  9.1000000000E+00  3.0211046717E+00 -1.5206793174E+00
  9.1500000000E+00  2.7151624504E+00 -1.4668235821E+00
  9.2000000000E+00  2.4312325573E+00 -1.4150471757E+00
  9.2500000000E+00  2.1679036939E+00 -1.3652636666E+00
  9.3000000000E+00  1.9238498754E+00 -1.3173904773E+00
  9.3500000000E+00  1.6978254947E+00 -1.2713487008E+00
  9.4000000000E+00  1.4886606577E+00 -1.2270629250E+00
  9.4500000000E+00  1.2952567755E+00 -1.1844610670E+00
  9.5000000000E+00  1.1165824019E+00 -1.1434742150E+00
  9.5500000000E+00  9.5166930294E-01 -1.1040364797E+00
  9.6000000000E+00  7.9960874547E-01 -1.0660848511E+00
  9.6500000000E+00  6.5954799539E-01 -1.0295590645E+00
  9.7000000000E+00  5.3068701276E-01 -9.9440147210E-01
  9.7500000000E+00  4.1227533414E-01 -9.6055692135E-01
  9.8000000000E+00  3.0360913215E-01 -9.2797263926E-01
  9.8500000000E+00  2.0402844262E-01 -8.9659812259E-01
  9.9000000000E+00  1.1291455026E-01 -8.6638503340E-01
  9.9500000000E+00  2.9687524446E-02 -8.3728709977E-01
  1.0000000000E+01 -4.6196103314E-02 -8.0926002134E-01
  1.0050000000E+01 -1.1524552779E-01 -7.8226137955E-01
  1.0100000000E+01 -1.7793773182E-01 -7.5625055222E-01
  1.0150000000E+01 -2.3471942849E-01 -7.3118863224E-01
  1.0200000000E+01 -2.8600889029E-01 -7.0703835029E-01
  1.0250000000E+01 -3.3219767154E-01 -6.8376400120E-01
  1.0300000000E+01 -3.7365223022E-01 -6.6133137390E-01
  1.0350000000E+01 -4.1071545467E-01 -6.3970768469E-01
  1.0400000000E+01 -4.4370810061E-01 -6.1886151372E-01
  1.0450000000E+01 -4.7293014362E-01 -5.9876274451E-01
  1.0500000000E+01 -4.9866205176E-01 -5.7938250626E-01
  1.0550000000E+01 -5.2116598299E-01 -5.6069311897E-01
  1.0600000000E+01 -5.4068691165E-01 -5.4266804109E-01
  1.0650000000E+01 -5.5745368801E-01 -5.2528181964E-01
  1.0700000000E+01 -5.7168003488E-01 -5.0851004267E-01
  1.0750000000E+01 -5.8356548476E-01 -4.9232929390E-01
  1.0800000000E+01 -5.9329626100E-01 -4.7671710955E-01
  1.0850000000E+01 -6.0104610637E-01 -4.6165193705E-01
  1.0900000000E+01 -6.0697706179E-01 -4.4711309572E-01
  1.0950000000E+01 -6.1124019846E-01 -4.3308073929E-01
  1.1000000000E+01 -6.1397630582E-01 -4.1953582005E-01
  1.1050000000E+01 -6.1531653812E-01 -4.0646005474E-01
  1.1100000000E+01 -6.1538302196E-01 -3.9383589186E-01
  1.1150000000E+01 -6.1428942698E-01 -3.8164648061E-01
  1.1200000000E+01 -6.1214150211E-01 -3.6987564115E-01
  1.1250000000E+01 -6.0903757915E-01 -3.5850783617E-01
  1.1300000000E+01 -6.0506904580E-01 -3.4752814385E-01
  1.1350000000E+01 -6.0032078980E-01 -3.3692223193E-01
  1.1400000000E+01 -5.9487161606E-01 -3.2667633297E-01
  1.1450000000E+01 -5.8879463818E-01 -3.1677722074E-01
  1.1500000000E+01 -5.8215764607E-01 -3.0721218762E-01
  1.1550000000E+01 -5.7502345091E-01 -2.9796902301E-01
  1.1600000000E+01 -5.6745020903E-01 -2.8903599271E-01
  1.1650000000E+01 -5.5949172570E-01 -2.8040181920E-01
  1.1700000000E+01 -5.5119774029E-01 -2.7205566276E-01
  1.1750000000E+01 -5.4261419367E-01 -2.6398710349E-01
  1.1800000000E+01 -5.3378347914E-01 -2.5618612397E-01
  1.1850000000E+01 -5.2474467773E-01 -2.4864309288E-01
  1.1900000000E+01 -5.1553377886E-01 -2.4134874913E-01
  1.1950000000E+01 -5.0618388725E-01 -2.3429418680E-01
  1.2000000000E+01 -4.9672541685E-01 -2.2747084072E-01
  1.2050000000E+01 -4.8718627273E-01 -2.2087047260E-01
  1.2100000000E+01 -4.7759202139E-01 -2.1448515783E-01
  1.2150000000E+01 -4.6796605054E-01 -2.0830727280E-01
  1.2200000000E+01 -4.5832971860E-01 -2.0232948279E-01
  1.2250000000E+01 -4.4870249490E-01 -1.9654473038E-01
  1.2300000000E+01 -4.3910209095E-01 -1.9094622430E-01
  1.2350000000E+01 -4.2954458327E-01 -1.8552742880E-01
  1.2400000000E+01 -4.2004452853E-01 -1.8028205349E-01
  1.2450000000E+01 -4.1061507126E-01 -1.7520404354E-01
  1.2500000000E+01 -4.0126804462E-01 -1.7028757033E-01
  1.2550000000E+01 -3.9201406474E-01 -1.6552702251E-01
  1.2600000000E+01 -3.8286261897E-01 -1.6091699741E-01
  1.2650000000E+01 -3.7382214839E-01 -1.5645229279E-01
  1.2700000000E+01 -3.6490012498E-01 -1.5212789899E-01
  1.2750000000E+01 -3.5610312379E-01 -1.4793899136E-01
  1.2800000000E+01 -3.4743689028E-01 -1.4388092300E-01
  1.2850000000E+01 -3.3890640339E-01 -1.3994921783E-01
  1.2900000000E+01 -3.3051593435E-01 -1.3613956395E-01
  1.2950000000E+01 -3.2226910163E-01 -1.3244780722E-01
  1.3000000000E+01 -3.1416892221E-01 -1.2886994516E-01
  1.3050000000E+01 -3.0621785952E-01 -1.2540212107E-01
  1.3100000000E+01 -2.9841786802E-01 -1.2204061841E-01
  1.3150000000E+01 -2.9077043491E-01 -1.1878185539E-01
  1.3200000000E+01 -2.8327661894E-01 -1.1562237979E-01
  1.3250000000E+01 -2.7593708662E-01 -1.1255886398E-01
  1.3300000000E+01 -2.6875214590E-01 -1.0958810014E-01
  1.3350000000E+01 -2.6172177762E-01 -1.0670699574E-01
  1.3400000000E+01 -2.5484566467E-01 -1.0391256907E-01
  1.3450000000E+01 -2.4812321923E-01 -1.0120194507E-01
  1.3500000000E+01 -2.4155360802E-01 -9.8572351262E-02
  1.3550000000E+01 -2.3513577584E-01 -9.6021113873E-02
  1.3600000000E+01 -2.2886846733E-01 -9.3545654108E-02
  1.3650000000E+01 -2.2275024734E-01 -9.1143484561E-02
  1.3700000000E+01 -2.1677951962E-01 -8.8812205777E-02
  1.3750000000E+01 -2.1095454436E-01 -8.6549502951E-02
  1.3800000000E+01 -2.0527345428E-01 -8.4353142755E-02
  1.3850000000E+01 -1.9973426966E-01 -8.2220970292E-02
  1.3900000000E+01 -1.9433491211E-01 -8.0150906168E-02
  1.3950000000E+01 -1.8907321744E-01 -7.8140943682E-02
  1.4000000000E+01 -1.8394694745E-01 -7.6189146126E-02
  1.4050000000E+01 -1.7895380087E-01 -7.4293644186E-02
  1.4100000000E+01 -1.7409142340E-01 -7.2452633454E-02
  1.4150000000E+01 -1.6935741699E-01 -7.0664372025E-02
  1.4200000000E+01 -1.6474934838E-01 -6.8927178201E-02
  1.4250000000E+01 -1.6026475692E-01 -6.7239428273E-02
  1.4300000000E+01 -1.5590116176E-01 -6.5599554393E-02
  1.4350000000E+01 -1.5165606848E-01 -6.4006042532E-02
  1.4400000000E+01 -1.4752697505E-01 -6.2457430512E-02
  1.4450000000E+01 -1.4351137740E-01 -6.0952306113E-02
  1.4500000000E+01 -1.3960677442E-01 -5.9489305259E-02
  1.4550000000E+01 -1.3581067252E-01 -5.8067110270E-02
  1.4600000000E+01 -1.3212058980E-01 -5.6684448177E-02
  1.4650000000E+01 -1.2853405977E-01 -5.5340089108E-02
  1.4700000000E+01 -1.2504863480E-01 -5.4032844735E-02
  1.4750000000E+01 -1.2166188912E-01 -5.2761566773E-02
  1.4800000000E+01 -1.1837142160E-01 -5.1525145545E-02
  1.4850000000E+01 -1.1517485818E-01 -5.0322508598E-02
  1.4900000000E+01 -1.1206985406E-01 -4.9152619366E-02
  1.4950000000E+01 -1.0905409565E-01 -4.8014475894E-02
  1.5000000000E+01 -1.0612530221E-01 -4.6907109602E-02
  1.5050000000E+01 -1.0328122742E-01 -4.5829584100E-02
  1.5100000000E+01 -1.0051966060E-01 -4.4780994040E-02
  1.5150000000E+01 -9.7838427848E-02 -4.3760464026E-02
  1.5200000000E+01 -9.5235392959E-02 -4.2767147545E-02
  1.5250000000E+01 -9.2708458228E-02 -4.1800225958E-02
  1.5300000000E+01 -9.0255565070E-02 -4.0858907510E-02
  1.5350000000E+01 -8.7874694535E-02 -3.9942426395E-02
  1.5400000000E+01 -8.5563867687E-02 -3.9050041836E-02
  1.5450000000E+01 -8.3321145884E-02 -3.8181037220E-02
  1.5500000000E+01 -8.1144630949E-02 -3.7334719247E-02
  1.5550000000E+01 -7.9032465248E-02 -3.6510417122E-02
  1.5600000000E+01 -7.6982831689E-02 -3.5707481769E-02
  1.5650000000E+01 -7.4993953636E-02 -3.4925285083E-02
  1.5700000000E+01 -7.3064094756E-02 -3.4163219198E-02
  1.5750000000E+01 -7.1191558809E-02 -3.3420695793E-02
  1.5800000000E+01 -6.9374689365E-02 -3.2697145415E-02
  1.5850000000E+01 -6.7611869485E-02 -3.1992016831E-02
  1.5900000000E+01 -6.5901521344E-02 -3.1304776402E-02
  1.5950000000E+01 -6.4242105817E-02 -3.0634907481E-02
  1.6000000000E+01 -6.2632122029E-02 -2.9981909832E-02
  1.6050000000E+01 -6.1070106865E-02 -2.9345299070E-02
  1.6100000000E+01 -5.9554634457E-02 -2.8724606121E-02
  1.6150000000E+01 -5.8084315646E-02 -2.8119376702E-02
  1.6200000000E+01 -5.6657797412E-02 -2.7529170820E-02
  1.6250000000E+01 -5.5273762296E-02 -2.6953562287E-02
  1.6300000000E+01 -5.3930927801E-02 -2.6392138258E-02
  1.6350000000E+01 -5.2628045774E-02 -2.5844498777E-02
  1.6400000000E+01 -5.1363901785E-02 -2.5310256343E-02
  1.6450000000E+01 -5.0137314490E-02 -2.4789035499E-02
  1.6500000000E+01 -4.8947134991E-02 -2.4280472422E-02
  1.6550000000E+01 -4.7792246186E-02 -2.3784214536E-02
  1.6600000000E+01 -4.6671562120E-02 -2.3299920139E-02
  1.6650000000E+01 -4.5584027333E-02 -2.2827258040E-02
  1.6700000000E+01 -4.4528616202E-02 -2.2365907210E-02
  1.6750000000E+01 -4.3504332289E-02 -2.1915556446E-02
  1.6800000000E+01 -4.2510207692E-02 -2.1475904045E-02
  1.6850000000E+01 -4.1545302391E-02 -2.1046657493E-02
  1.6900000000E+01 -4.0608703610E-02 -2.0627533158E-02
  1.6950000000E+01 -3.9699525166E-02 -2.0218256005E-02
  1.7000000000E+01 -3.8816906846E-02 -1.9818559309E-02
  1.7050000000E+01 -3.7960013770E-02 -1.9428184384E-02
  1.7100000000E+01 -3.7128035771E-02 -1.9046880323E-02
  1.7150000000E+01 -3.6320186783E-02 -1.8674403742E-02
  1.7200000000E+01 -3.5535704233E-02 -1.8310518540E-02
  1.7250000000E+01 -3.4773848443E-02 -1.7954995655E-02
  1.7300000000E+01 -3.4033902039E-02 -1.7607612844E-02
  1.7350000000E+01 -3.3315169376E-02 -1.7268154460E-02
  1.7400000000E+01 -3.2616975962E-02 -1.6936411239E-02
  1.7450000000E+01 -3.1938667899E-02 -1.6612180095E-02
  1.7500000000E+01 -3.1279611335E-02 -1.6295263923E-02
  1.7550000000E+01 -3.0639191918E-02 -1.5985471405E-02
  1.7600000000E+01 -3.0016814269E-02 -1.5682616830E-02
  1.7650000000E+01 -2.9411901461E-02 -1.5386519910E-02
  1.7700000000E+01 -2.8823894507E-02 -1.5097005612E-02
  1.7750000000E+01 -2.8252251862E-02 -1.4813903986E-02
  1.7800000000E+01 -2.7696448937E-02 -1.4537050013E-02
  1.7850000000E+01 -2.7155977615E-02 -1.4266283438E-02
  1.7900000000E+01 -2.6630345786E-02 -1.4001448629E-02
  1.7950000000E+01 -2.6119076889E-02 -1.3742394428E-02
  1.8000000000E+01 -2.5621709466E-02 -1.3488974012E-02
  1.8050000000E+01 -2.5137796723E-02 -1.3241044753E-02
  1.8100000000E+01 -2.4666906105E-02 -1.2998468093E-02
  1.8150000000E+01 -2.4208618878E-02 -1.2761109414E-02
  1.8200000000E+01 -2.3762529727E-02 -1.2528837917E-02
  1.8250000000E+01 -2.3328246352E-02 -1.2301526500E-02
  1.8300000000E+01 -2.2905389088E-02 -1.2079051650E-02
  1.8350000000E+01 -2.2493590527E-02 -1.1861293324E-02
  1.8400000000E+01 -2.2092495147E-02 -1.1648134849E-02
  1.8450000000E+01 -2.1701758959E-02 -1.1439462816E-02
  1.8500000000E+01 -2.1321049154E-02 -1.1235166980E-02
  1.8550000000E+01 -2.0950043768E-02 -1.1035140161E-02
  1.8600000000E+01 -2.0588431347E-02 -1.0839278155E-02
  1.8650000000E+01 -2.0235910628E-02 -1.0647479638E-02
  1.8700000000E+01 -1.9892190225E-02 -1.0459646084E-02
  1.8750000000E+01 -1.9556988326E-02 -1.0275681676E-02
  1.8800000000E+01 -1.9230032393E-02 -1.0095493226E-02
  1.8850000000E+01 -1.8911058879E-02 -9.9189900941E-03
  1.8900000000E+01 -1.8599812941E-02 -9.7460841144E-03
  1.8950000000E+01 -1.8296048176E-02 -9.5766895182E-03
  1.9000000000E+01 -1.7999526350E-02 -9.4107228636E-03
  1.9050000000E+01 -1.7710017142E-02 -9.2481029652E-03
  1.9100000000E+01 -1.7427297897E-02 -9.0887508272E-03
  1.9150000000E+01 -1.7151153379E-02 -8.9325895782E-03
  1.9200000000E+01 -1.6881375538E-02 -8.7795444079E-03
  1.9250000000E+01 -1.6617763282E-02 -8.6295425064E-03
  1.9300000000E+01 -1.6360122250E-02 -8.4825130048E-03
  1.9350000000E+01 -1.6108264603E-02 -8.3383869183E-03
  1.9400000000E+01 -1.5862008807E-02 -8.1970970905E-03
  1.9450000000E+01 -1.5621179437E-02 -8.0585781399E-03
  1.9500000000E+01 -1.5385606974E-02 -7.9227664082E-03
  1.9550000000E+01 -1.5155127616E-02 -7.7895999096E-03
  1.9600000000E+01 -1.4929583093E-02 -7.6590182822E-03
  1.9650000000E+01 -1.4708820486E-02 -7.5309627409E-03
  1.9700000000E+01 -1.4492692054E-02 -7.4053760320E-03
  1.9750000000E+01 -1.4281055060E-02 -7.2822023882E-03
  1.9800000000E+01 -1.4073771613E-02 -7.1613874866E-03
  1.9850000000E+01 -1.3870708503E-02 -7.0428784063E-03
  1.9900000000E+01 -1.3671737052E-02 -6.9266235888E-03
  1.9950000000E+01 -1.3476732960E-02 -6.8125727988E-03
  2.0000000000E+01 -1.3285576163E-02 -6.7006770864E-03
  2.0050000000E+01 -1.3098150691E-02 -6.5908887502E-03
  2.0100000000E+01 -1.2914344533E-02 -6.4831613025E-03
  2.0150000000E+01 -1.2734049503E-02 -6.3774494342E-03
  2.0200000000E+01 -1.2557161115E-02 -6.2737089819E-03
  2.0250000000E+01 -1.2383578457E-02 -6.1718968954E-03
  2.0300000000E+01 -1.2213204074E-02 -6.0719712066E-03
  2.0350000000E+01 -1.2045943847E-02 -5.9738909987E-03
  2.0400000000E+01 -1.1881706886E-02 -5.8776163772E-03
  2.0450000000E+01 -1.1720405418E-02 -5.7831084413E-03
  2.0500000000E+01 -1.1561954682E-02 -5.6903292559E-03
  2.0550000000E+01 -1.1406272829E-02 -5.5992418252E-03
  2.0600000000E+01 -1.1253280819E-02 -5.5098100663E-03
  2.0650000000E+01 -1.1102902331E-02 -5.4219987842E-03
  2.0700000000E+01 -1.0955063666E-02 -5.3357736474E-03
  2.0750000000E+01 -1.0809693658E-02 -5.2511011637E-03
  2.0800000000E+01 -1.0666723591E-02 -5.1679486578E-03
  2.0850000000E+01 -1.0526087110E-02 -5.0862842485E-03
  2.0900000000E+01 -1.0387720145E-02 -5.0060768272E-03
  2.0950000000E+01 -1.0251560827E-02 -4.9272960368E-03
  2.1000000000E+01 -1.0117549418E-02 -4.8499122515E-03
  2.1050000000E+01 -9.9856282325E-03 -4.7738965565E-03
  2.1100000000E+01 -9.8557415704E-03 -4.6992207296E-03
  2.1150000000E+01 -9.7278356453E-03 -4.6258572217E-03
  2.1200000000E+01 -9.6018585198E-03 -4.5537791394E-03
  2.1250000000E+01 -9.4777600408E-03 -4.4829602269E-03
  2.1300000000E+01 -9.3554917772E-03 -4.4133748493E-03
  2.1350000000E+01 -9.2350069604E-03 -4.3449979761E-03
  2.1400000000E+01 -9.1162604255E-03 -4.2778051647E-03
  2.1450000000E+01 -8.9992085558E-03 -4.2117725453E-03
  2.1500000000E+01 -8.8838092282E-03 -4.1468768055E-03
  2.1550000000E+01 -8.7700217610E-03 -4.0830951755E-03
  2.1600000000E+01 -8.6578068630E-03 -4.0204054142E-03
  2.1650000000E+01 -8.5471265846E-03 -3.9587857950E-03
  2.1700000000E+01 -8.4379442703E-03 -3.8982150924E-03
  2.1750000000E+01 -8.3302245135E-03 -3.8386725692E-03
  2.1800000000E+01 -8.2239331115E-03 -3.7801379631E-03
  2.1850000000E+01 -8.1190370235E-03 -3.7225914754E-03
  2.1900000000E+01 -8.0155043290E-03 -3.6660137581E-03
  2.1950000000E+01 -7.9133041878E-03 -3.6103859026E-03
  2.2000000000E+01 -7.8124068020E-03 -3.5556894284E-03
  2.2050000000E+01 -7.7127833783E-03 -3.5019062724E-03
  2.2100000000E+01 -7.6144060924E-03 -3.4490187776E-03
  2.2150000000E+01 -7.5172480542E-03 -3.3970096830E-03
  2.2200000000E+01 -7.4212832742E-03 -3.3458621139E-03
  2.2250000000E+01 -7.3264866313E-03 -3.2955595715E-03
  2.2300000000E+01 -7.2328338417E-03 -3.2460859236E-03
  2.2350000000E+01 -7.1403014283E-03 -3.1974253955E-03
  2.2400000000E+01 -7.0488666921E-03 -3.1495625609E-03
  2.2450000000E+01 -6.9585076835E-03 -3.1024823329E-03
  2.2500000000E+01 -6.8692031759E-03 -3.0561699560E-03
  2.2550000000E+01 -6.7809326388E-03 -3.0106109974E-03
  2.2600000000E+01 -6.6936762130E-03 -2.9657913391E-03
  2.2650000000E+01 -6.6074146861E-03 -2.9216971700E-03
  2.2700000000E+01 -6.5221294686E-03 -2.8783149785E-03
  2.2750000000E+01 -6.4378025717E-03 -2.8356315450E-03
  2.2800000000E+01 -6.3544165853E-03 -2.7936339346E-03
  2.2850000000E+01 -6.2719546563E-03 -2.7523094902E-03
  2.2900000000E+01 -6.1904004688E-03 -2.7116458256E-03
  2.2950000000E+01 -6.1097382244E-03 -2.6716308192E-03
  2.3000000000E+01 -6.0299526227E-03 -2.6322526071E-03
  2.3050000000E+01 -5.9510288434E-03 -2.5934995772E-03
  2.3100000000E+01 -5.8729525285E-03 -2.5553603629E-03
  2.3150000000E+01 -5.7957097655E-03 -2.5178238372E-03
  2.3200000000E+01 -5.7192870704E-03 -2.4808791069E-03
  2.3250000000E+01 -5.6436713725E-03 -2.4445155073E-03
  2.3300000000E+01 -5.5688499986E-03 -2.4087225961E-03
  2.3350000000E+01 -5.4948106588E-03 -2.3734901488E-03
  2.3400000000E+01 -5.4215414317E-03 -2.3388081529E-03
  2.3450000000E+01 -5.3490307512E-03 -2.3046668033E-03
  2.3500000000E+01 -5.2772673930E-03 -2.2710564972E-03
  2.3550000000E+01 -5.2062404620E-03 -2.2379678291E-03
  2.3600000000E+01 -5.1359393802E-03 -2.2053915868E-03
  2.3650000000E+01 -5.0663538745E-03 -2.1733187461E-03
  2.3700000000E+01 -4.9974739657E-03 -2.1417404669E-03
  2.3750000000E+01 -4.9292899572E-03 -2.1106480888E-03
  2.3800000000E+01 -4.8617924247E-03 -2.0800331268E-03
  2.3850000000E+01 -4.7949722061E-03 -2.0498872672E-03
  2.3900000000E+01 -4.7288203912E-03 -2.0202023640E-03
  2.3950000000E+01 -4.6633283128E-03 -1.9909704343E-03
  2.4000000000E+01 -4.5984875371E-03 -1.9621836555E-03
  2.4050000000E+01 -4.5342898556E-03 -1.9338343609E-03
  2.4100000000E+01 -4.4707272758E-03 -1.9059150362E-03
  2.4150000000E+01 -4.4077920141E-03 -1.8784183164E-03
  2.4200000000E+01 -4.3454764868E-03 -1.8513369821E-03
  2.4250000000E+01 -4.2837733038E-03 -1.8246639563E-03
  2.4300000000E+01 -4.2226752602E-03 -1.7983923010E-03
  2.4350000000E+01 -4.1621753302E-03 -1.7725152145E-03
  2.4400000000E+01 -4.1022666599E-03 -1.7470260276E-03
  2.4450000000E+01 -4.0429425611E-03 -1.7219182016E-03
  2.4500000000E+01 -3.9841965049E-03 -1.6971853245E-03
  2.4550000000E+01 -3.9260221158E-03 -1.6728211085E-03
  2.4600000000E+01 -3.8684131657E-03 -1.6488193875E-03
  2.4650000000E+01 -3.8113635690E-03 -1.6251741140E-03
  2.4700000000E+01 -3.7548673766E-03 -1.6018793566E-03
  2.4750000000E+01 -3.6989187709E-03 -1.5789292976E-03
  2.4800000000E+01 -3.6435120614E-03 -1.5563182304E-03
  2.4850000000E+01 -3.5886416792E-03 -1.5340405568E-03
  2.4900000000E+01 -3.5343021729E-03 -1.5120907851E-03
  2.4950000000E+01 -3.4804882043E-03 -1.4904635276E-03
  2.5000000000E+01 -3.4271945438E-03 -1.4691534980E-03
  2.5050000000E+01 -3.3744160667E-03 -1.4481555096E-03
  2.5100000000E+01 -3.3221477492E-03 -1.4274644733E-03
  2.5150000000E+01 -3.2703846645E-03 -1.4070753949E-03
  2.5200000000E+01 -3.2191219795E-03 -1.3869833735E-03
  2.5250000000E+01 -3.1683549512E-03 -1.3671835993E-03
  2.5300000000E+01 -3.1180789232E-03 -1.3476713520E-03
  2.5350000000E+01 -3.0682893229E-03 -1.3284419985E-03
  2.5400000000E+01 -3.0189816583E-03 -1.3094909909E-03
  2.5450000000E+01 -2.9701515148E-03 -1.2908138655E-03
  2.5500000000E+01 -2.9217945527E-03 -1.2724062401E-03
  2.5550000000E+01 -2.8739065044E-03 -1.2542638129E-03
  2.5600000000E+01 -2.8264831717E-03 -1.2363823603E-03
  2.5650000000E+01 -2.7795204235E-03 -1.2187577359E-03
  2.5700000000E+01 -2.7330141933E-03 -1.2013858684E-03
  2.5750000000E+01 -2.6869604769E-03 -1.1842627602E-03
  2.5800000000E+01 -2.6413553300E-03 -1.1673844856E-03
  2.5850000000E+01 -2.5961948665E-03 -1.1507471899E-03
  2.5900000000E+01 -2.5514752563E-03 -1.1343470875E-03
  2.5950000000E+01 -2.5071927232E-03 -1.1181804604E-03
  2.6000000000E+01 -2.4633435432E-03 -1.1022436571E-03
  2.6050000000E+01 -2.4199240425E-03 -1.0865330912E-03
  2.6100000000E+01 -2.3769305962E-03 -1.0710452397E-03
  2.6150000000E+01 -2.3343596263E-03 -1.0557766423E-03
  2.6200000000E+01 -2.2922076002E-03 -1.0407238996E-03
  2.6250000000E+01 -2.2504710293E-03 -1.0258836723E-03
  2.6300000000E+01 -2.2091464674E-03 -1.0112526794E-03
  2.6350000000E+01 -2.1682305095E-03 -9.9682769785E-04
  2.6400000000E+01 -2.1277197903E-03 -9.8260556060E-04
  2.6450000000E+01 -2.0876109831E-03 -9.6858315596E-04
  2.6500000000E+01 -2.0479007983E-03 -9.5475742628E-04
  2.6550000000E+01 -2.0085859825E-03 -9.4112536697E-04
  2.6600000000E+01 -1.9696633176E-03 -9.2768402540E-04
  2.6650000000E+01 -1.9311296190E-03 -9.1443049987E-04
  2.6700000000E+01 -1.8929817352E-03 -9.0136193865E-04
  2.6750000000E+01 -1.8552165469E-03 -8.8847553892E-04
  2.6800000000E+01 -1.8178309655E-03 -8.7576854589E-04
  2.6850000000E+01 -1.7808219326E-03 -8.6323825179E-04
  2.6900000000E+01 -1.7441864191E-03 -8.5088199499E-04
  2.6950000000E+01 -1.7079214245E-03 -8.3869715911E-04
  2.7000000000E+01 -1.6720239758E-03 -8.2668117209E-04
  2.7050000000E+01 -1.6364911270E-03 -8.1483150538E-04
  2.7100000000E+01 -1.6013199583E-03 -8.0314567310E-04
  2.7150000000E+01 -1.5665075756E-03 -7.9162123116E-04
  2.7200000000E+01 -1.5320511094E-03 -7.8025577653E-04
  2.7250000000E+01 -1.4979477148E-03 -7.6904694640E-04
  2.7300000000E+01 -1.4641945703E-03 -7.5799241743E-04
  2.7350000000E+01 -1.4307888777E-03 -7.4708990502E-04
  2.7400000000E+01 -1.3977278615E-03 -7.3633716251E-04
  2.7450000000E+01 -1.3650087679E-03 -7.2573198053E-04
  2.7500000000E+01 -1.3326288649E-03 -7.1527218627E-04
  2.7550000000E+01 -1.3005854417E-03 -7.0495564275E-04
  2.7600000000E+01 -1.2688758080E-03 -6.9478024822E-04
  2.7650000000E+01 -1.2374972938E-03 -6.8474393544E-04
  2.7700000000E+01 -1.2064472489E-03 -6.7484467104E-04
  2.7750000000E+01 -1.1757230426E-03 -6.6508045493E-04
  2.7800000000E+01 -1.1453220631E-03 -6.5544931964E-04
  2.7850000000E+01 -1.1152417176E-03 -6.4594932971E-04
  2.7900000000E+01 -1.0854794315E-03 -6.3657858114E-04
  2.7950000000E+01 -1.0560326482E-03 -6.2733520075E-04
  2.8000000000E+01 -1.0268988291E-03 -6.1821734566E-04
  2.8050000000E+01 -9.9807545284E-04 -6.0922320273E-04
  2.8100000000E+01 -9.6956001543E-04 -6.0035098798E-04
  2.8150000000E+01 -9.4135002970E-04 -5.9159894608E-04
  2.8200000000E+01 -9.1344302522E-04 -5.8296534983E-04
  2.8250000000E+01 -8.8583654799E-04 -5.7444849963E-04
  2.8300000000E+01 -8.5852816024E-04 -5.6604672303E-04
  2.8350000000E+01 -8.3151544018E-04 -5.5775837415E-04
  2.8400000000E+01 -8.0479598186E-04 -5.4958183330E-04
  2.8450000000E+01 -7.7836739490E-04 -5.4151550641E-04
  2.8500000000E+01 -7.5222730435E-04 -5.3355782466E-04
  2.8550000000E+01 -7.2637335051E-04 -5.2570724397E-04
  2.8600000000E+01 -7.0080318875E-04 -5.1796224457E-04
  2.8650000000E+01 -6.7551448934E-04 -5.1032133059E-04
  2.8700000000E+01 -6.5050493734E-04 -5.0278302959E-04
  2.8750000000E+01 -6.2577223239E-04 -4.9534589219E-04
  2.8800000000E+01 -6.0131408863E-04 -4.8800849163E-04
  2.8850000000E+01 -5.7712823456E-04 -4.8076942340E-04
  2.8900000000E+01 -5.5321241287E-04 -4.7362730480E-04
  2.8950000000E+01 -5.2956438038E-04 -4.6658077462E-04
  2.9000000000E+01 -5.0618190788E-04 -4.5962849272E-04
  2.9050000000E+01 -4.8306278006E-04 -4.5276913966E-04
  2.9100000000E+01 -4.6020479536E-04 -4.4600141637E-04
  2.9150000000E+01 -4.3760576593E-04 -4.3932404377E-04
  2.9200000000E+01 -4.1526351749E-04 -4.3273576243E-04
  2.9250000000E+01 -3.9317588926E-04 -4.2623533222E-04
  2.9300000000E+01 -3.7134073387E-04 -4.1982153200E-04
  2.9350000000E+01 -3.4975591729E-04 -4.1349315928E-04
  2.9400000000E+01 -3.2841931871E-04 -4.0724902989E-04
  2.9450000000E+01 -3.0732883053E-04 -4.0108797768E-04
  2.9500000000E+01 -2.8648235825E-04 -3.9500885420E-04
  2.9550000000E+01 -2.6587782040E-04 -3.8901052841E-04
  2.9600000000E+01 -2.4551314847E-04 -3.8309188637E-04
  2.9650000000E+01 -2.2538628687E-04 -3.7725183097E-04
  2.9700000000E+01 -2.0549519287E-04 -3.7148928162E-04
  2.9750000000E+01 -1.8583783651E-04 -3.6580317397E-04
  2.9800000000E+01 -1.6641220057E-04 -3.6019245969E-04
  2.9850000000E+01 -1.4721628051E-04 -3.5465610610E-04
  2.9900000000E+01 -1.2824808440E-04 -3.4919309601E-04
  2.9950000000E+01 -1.0950563292E-04 -3.4380242740E-04
  3.0000000000E+01 -9.0986959245E-05 -3.3848311318E-04
  3.0050000000E+01 -7.2690109046E-05 -3.3323418093E-04
  3.0100000000E+01 -5.4613140423E-05 -3.2805467271E-04
  3.0150000000E+01 -3.6754123864E-05 -3.2294364472E-04
  3.0200000000E+01 -1.9111142204E-05 -3.1790016717E-04
  3.0250000000E+01 -1.6822905779E-06 -3.1292332398E-04
  3.0300000000E+01  1.5534323617E-05 -3.0801221257E-04
  3.0350000000E+01  3.2540580765E-05 -3.0316594367E-04
  3.0400000000E+01  4.9338349069E-05 -2.9838364104E-04
  3.0450000000E+01  6.5929484592E-05 -2.9366444131E-04
  3.0500000000E+01  8.2315831294E-05 -2.8900749376E-04
  3.0550000000E+01  9.8499221073E-05 -2.8441196007E-04
  3.0600000000E+01  1.1448147380E-04 -2.7987701418E-04
  3.0650000000E+01  1.3026439735E-04 -2.7540184205E-04
  3.0700000000E+01  1.4584978765E-04 -2.7098564148E-04
  3.0750000000E+01  1.6123942872E-04 -2.6662762193E-04
  3.0800000000E+01  1.7643509269E-04 -2.6232700429E-04
  3.0850000000E+01  1.9143853984E-04 -2.5808302073E-04
  3.0900000000E+01  2.0625151864E-04 -2.5389491453E-04
  3.0950000000E+01  2.2087576581E-04 -2.4976193986E-04
  3.1000000000E+01  2.3531300631E-04 -2.4568336164E-04
  3.1050000000E+01  2.4956495340E-04 -2.4165845536E-04
  3.1100000000E+01  2.6363330868E-04 -2.3768650691E-04
  3.1150000000E+01  2.7751976211E-04 -2.3376681238E-04
  3.1200000000E+01  2.9122599207E-04 -2.2989867799E-04
  3.1250000000E+01  3.0475366535E-04 -2.2608141981E-04
  3.1300000000E+01  3.1810443725E-04 -2.2231436370E-04
  3.1350000000E+01  3.3127995155E-04 -2.1859684511E-04
  3.1400000000E+01  3.4428184060E-04 -2.1492820893E-04
  3.1450000000E+01  3.5711172532E-04 -2.1130780937E-04
  3.1500000000E+01  3.6977121526E-04 -2.0773500976E-04
  3.1550000000E+01  3.8226190860E-04 -2.0420918248E-04
  3.1600000000E+01  3.9458539225E-04 -2.0072970875E-04
  3.1650000000E+01  4.0674324182E-04 -1.9729597853E-04
  3.1700000000E+01  4.1873702170E-04 -1.9390739038E-04
  3.1750000000E+01  4.3056828508E-04 -1.9056335131E-04
  3.1800000000E+01  4.4223857400E-04 -1.8726327666E-04
  3.1850000000E+01  4.5374941938E-04 -1.8400658999E-04
  3.1900000000E+01  4.6510234103E-04 -1.8079272291E-04
  3.1950000000E+01  4.7629884777E-04 -1.7762111499E-04
  3.2000000000E+01  4.8734043737E-04 -1.7449121362E-04
  3.2050000000E+01  4.9822859667E-04 -1.7140247392E-04
  3.2100000000E+01  5.0896480156E-04 -1.6835435857E-04
  3.2150000000E+01  5.1955051706E-04 -1.6534633773E-04
  3.2200000000E+01  5.2998719736E-04 -1.6237788893E-04
  3.2250000000E+01  5.4027628581E-04 -1.5944849693E-04
  3.2300000000E+01  5.5041921503E-04 -1.5655765364E-04
  3.2350000000E+01  5.6041740692E-04 -1.5370485797E-04
  3.2400000000E+01  5.7027227269E-04 -1.5088961579E-04
  3.2450000000E+01  5.7998521292E-04 -1.4811143975E-04
  3.2500000000E+01  5.8955761759E-04 -1.4536984923E-04
  3.2550000000E+01  5.9899086614E-04 -1.4266437022E-04
  3.2600000000E+01  6.0828632750E-04 -1.3999453521E-04
  3.2650000000E+01  6.1744536014E-04 -1.3735988312E-04
  3.2700000000E+01  6.2646931209E-04 -1.3475995917E-04
  3.2750000000E+01  6.3535952105E-04 -1.3219431481E-04
  3.2800000000E+01  6.4411731433E-04 -1.2966250763E-04
  3.2850000000E+01  6.5274400901E-04 -1.2716410123E-04
  3.2900000000E+01  6.6124091189E-04 -1.2469866520E-04
  3.2950000000E+01  6.6960931960E-04 -1.2226577494E-04
  3.3000000000E+01  6.7785051861E-04 -1.1986501166E-04
  3.3050000000E+01  6.8596578528E-04 -1.1749596223E-04
  3.3100000000E+01  6.9395638592E-04 -1.1515821914E-04
  3.3150000000E+01  7.0182357685E-04 -1.1285138040E-04
  3.3200000000E+01  7.0956860440E-04 -1.1057504944E-04
  3.3250000000E+01  7.1719270499E-04 -1.0832883506E-04
  3.3300000000E+01  7.2469710518E-04 -1.0611235134E-04
  3.3350000000E+01  7.3208302170E-04 -1.0392521756E-04
  3.3400000000E+01  7.3935166153E-04 -1.0176705813E-04
  3.3450000000E+01  7.4650422190E-04 -9.9637502485E-05
  3.3500000000E+01  7.5354189037E-04 -9.7536185067E-05
  3.3550000000E+01  7.6046584489E-04 -9.5462745208E-05
  3.3600000000E+01  7.6727725381E-04 -9.3416827070E-05
  3.3650000000E+01  7.7397727597E-04 -9.1398079582E-05
  3.3700000000E+01  7.8056706073E-04 -8.9406156361E-05
  3.3750000000E+01  7.8704774801E-04 -8.7440715651E-05
  3.3800000000E+01  7.9342046836E-04 -8.5501420254E-05
  3.3850000000E+01  7.9968634299E-04 -8.3587937462E-05
  3.3900000000E+01  8.0584648385E-04 -8.1699938994E-05
  3.3950000000E+01  8.1190199364E-04 -7.9837100933E-05
  3.4000000000E+01  8.1785396589E-04 -7.7999103662E-05
  3.4050000000E+01  8.2370348501E-04 -7.6185631801E-05
  3.4100000000E+01  8.2945162633E-04 -7.4396374149E-05
  3.4150000000E+01  8.3509945615E-04 -7.2631023622E-05
  3.4200000000E+01  8.4064803178E-04 -7.0889277196E-05
  3.4250000000E+01  8.4609840165E-04 -6.9170835846E-05
  3.4300000000E+01  8.5145160527E-04 -6.7475404492E-05
  3.4350000000E+01  8.5670867337E-04 -6.5802691943E-05
  3.4400000000E+01  8.6187062787E-04 -6.4152410836E-05
  3.4450000000E+01  8.6693848200E-04 -6.2524277591E-05
  3.4500000000E+01  8.7191324033E-04 -6.0918012349E-05
  3.4550000000E+01  8.7679589879E-04 -5.9333338924E-05
  3.4600000000E+01  8.8158744476E-04 -5.7769984750E-05
  3.4650000000E+01  8.8628885712E-04 -5.6227680828E-05
  3.4700000000E+01  8.9090110627E-04 -5.4706161680E-05
  3.4750000000E+01  8.9542515422E-04 -5.3205165294E-05
  3.4800000000E+01  8.9986195461E-04 -5.1724433080E-05
  3.4850000000E+01  9.0421245281E-04 -5.0263709820E-05
  3.4900000000E+01  9.0847758589E-04 -4.8822743618E-05
  3.4950000000E+01  9.1265828276E-04 -4.7401285860E-05
  3.5000000000E+01  9.1675546417E-04 -4.5999091162E-05
  3.5050000000E+01  9.2077004277E-04 -4.4615917328E-05
  3.5100000000E+01  9.2470292317E-04 -4.3251525305E-05
  3.5150000000E+01  9.2855500201E-04 -4.1905679139E-05
  3.5200000000E+01  9.3232716796E-04 -4.0578145931E-05
  3.5250000000E+01  9.3602030182E-04 -3.9268695797E-05
  3.5300000000E+01  9.3963527654E-04 -3.7977101824E-05
  3.5350000000E+01  9.4317295732E-04 -3.6703140030E-05
  3.5400000000E+01  9.4663420160E-04 -3.5446589322E-05
  3.5450000000E+01  9.5001985915E-04 -3.4207231459E-05
  3.5500000000E+01  9.5333077210E-04 -3.2984851008E-05
  3.5550000000E+01  9.5656777503E-04 -3.1779235312E-05
  3.5600000000E+01  9.5973169498E-04 -3.0590174445E-05
  3.5650000000E+01  9.6282335152E-04 -2.9417461178E-05
  3.5700000000E+01  9.6584355678E-04 -2.8260890942E-05
  3.5750000000E+01  9.6879311556E-04 -2.7120261790E-05
  3.5800000000E+01  9.7167282531E-04 -2.5995374364E-05
  3.5850000000E+01  9.7448347621E-04 -2.4886031856E-05
  3.5900000000E+01  9.7722585125E-04 -2.3792039974E-05
  3.5950000000E+01  9.7990072623E-04 -2.2713206912E-05
  3.6000000000E+01  9.8250886985E-04 -2.1649343309E-05
  3.6050000000E+01  9.8505104374E-04 -2.0600262222E-05
  3.6100000000E+01  9.8752800251E-04 -1.9565779088E-05
  3.6150000000E+01  9.8994049381E-04 -1.8545711697E-05
  3.6200000000E+01  9.9228925839E-04 -1.7539880156E-05
  3.6250000000E+01  9.9457503012E-04 -1.6548106860E-05
  3.6300000000E+01  9.9679853607E-04 -1.5570216458E-05
  3.6350000000E+01  9.9896049654E-04 -1.4606035826E-05
  3.6400000000E+01  1.0010616251E-03 -1.3655394037E-05
  3.6450000000E+01  1.0031026287E-03 -1.2718122328E-05
  3.6500000000E+01  1.0050842077E-03 -1.1794054073E-05
  3.6550000000E+01  1.0070070557E-03 -1.0883024756E-05
  3.6600000000E+01  1.0088718601E-03 -9.9848719376E-06
  3.6650000000E+01  1.0106793016E-03 -9.0994352340E-06
  3.6700000000E+01  1.0124300545E-03 -8.2265562837E-06
  3.6750000000E+01  1.0141247868E-03 -7.3660787231E-06
  3.6800000000E+01  1.0157641602E-03 -6.5178481595E-06
  3.6850000000E+01  1.0173488300E-03 -5.6817121443E-06
  3.6900000000E+01  1.0188794455E-03 -4.8575201476E-06
  3.6950000000E+01  1.0203566495E-03 -4.0451235324E-06
  3.7000000000E+01  1.0217810790E-03 -3.2443755293E-06
  3.7050000000E+01  1.0231533646E-03 -2.4551312121E-06
  3.7100000000E+01  1.0244741313E-03 -1.6772474727E-06
  3.7150000000E+01  1.0257439976E-03 -9.1058299759E-07
  3.7200000000E+01  1.0269635764E-03 -1.5499824377E-07
  3.7250000000E+01  1.0281334747E-03  5.8964458461E-07
  3.7300000000E+01  1.0292542934E-03  1.3234815593E-06
  3.7350000000E+01  1.0303266278E-03  2.0466470509E-06
  3.7400000000E+01  1.0313510676E-03  2.7592737510E-06
  3.7450000000E+01  1.0323281963E-03  3.4614926944E-06
  3.7500000000E+01  1.0332585923E-03  4.1534332812E-06
  3.7550000000E+01  1.0341428279E-03  4.8352232979E-06
  3.7600000000E+01  1.0349814702E-03  5.5069889387E-06
  3.7650000000E+01  1.0357750805E-03  6.1688548265E-06
  3.7700000000E+01  1.0365242149E-03  6.8209440336E-06
  3.7750000000E+01  1.0372294237E-03  7.4633781015E-06
  3.7800000000E+01  1.0378912520E-03  8.0962770615E-06
  3.7850000000E+01  1.0385102397E-03  8.7197594542E-06
  3.7900000000E+01  1.0390869212E-03  9.3339423487E-06
  3.7950000000E+01  1.0396218255E-03  9.9389413623E-06
  3.8000000000E+01  1.0401154767E-03  1.0534870679E-05
  3.8050000000E+01  1.0405683936E-03  1.1121843068E-05
  3.8100000000E+01  1.0409810898E-03  1.1699969904E-05
  3.8150000000E+01  1.0413540738E-03  1.2269361181E-05
  3.8200000000E+01  1.0416878491E-03  1.2830125535E-05
  3.8250000000E+01  1.0419829142E-03  1.3382370259E-05
  3.8300000000E+01  1.0422397627E-03  1.3926201320E-05
  3.8350000000E+01  1.0424588832E-03  1.4461723378E-05
  3.8400000000E+01  1.0426407593E-03  1.4989039803E-05
  3.8450000000E+01  1.0427858699E-03  1.5508252688E-05
  3.8500000000E+01  1.0428946892E-03  1.6019462870E-05
  3.8550000000E+01  1.0429676864E-03  1.6522769944E-05
  3.8600000000E+01  1.0430053262E-03  1.7018272279E-05
  3.8650000000E+01  1.0430080684E-03  1.7506067034E-05
  3.8700000000E+01  1.0429763683E-03  1.7986250174E-05
  3.8750000000E+01  1.0429106767E-03  1.8458916484E-05
  3.8800000000E+01  1.0428114395E-03  1.8924159586E-05
  3.8850000000E+01  1.0426790986E-03  1.9382071952E-05
  3.8900000000E+01  1.0425140908E-03  1.9832744922E-05
  3.8950000000E+01  1.0423168490E-03  2.0276268713E-05
  3.9000000000E+01  1.0420878014E-03  2.0712732438E-05
  3.9050000000E+01  1.0418273719E-03  2.1142224119E-05
  3.9100000000E+01  1.0415359801E-03  2.1564830700E-05
  3.9150000000E+01  1.0412140413E-03  2.1980638062E-05
  3.9200000000E+01  1.0408619664E-03  2.2389731035E-05
  3.9250000000E+01  1.0404801624E-03  2.2792193413E-05
  3.9300000000E+01  1.0400690318E-03  2.3188107965E-05
  3.9350000000E+01  1.0396289732E-03  2.3577556451E-05
  3.9400000000E+01  1.0391603809E-03  2.3960619632E-05
  3.9450000000E+01  1.0386636453E-03  2.4337377284E-05
  3.9500000000E+01  1.0381391526E-03  2.4707908212E-05
  3.9550000000E+01  1.0375872852E-03  2.5072290258E-05
  3.9600000000E+01  1.0370084213E-03  2.5430600319E-05
  3.9650000000E+01  1.0364029354E-03  2.5782914351E-05
  3.9700000000E+01  1.0357711981E-03  2.6129307391E-05
  3.9750000000E+01  1.0351135758E-03  2.6469853561E-05
  3.9800000000E+01  1.0344304315E-03  2.6804626079E-05
  3.9850000000E+01  1.0337221243E-03  2.7133697279E-05
  3.9900000000E+01  1.0329890093E-03  2.7457138611E-05
  3.9950000000E+01  1.0322314383E-03  2.7775020660E-05
  4.0000000000E+01  1.0314497590E-03  2.8087413155E-05
  4.0050000000E+01  1.0306443157E-03  2.8394384975E-05
  4.0100000000E+01  1.0298154490E-03  2.8696004170E-05
  4.0150000000E+01  1.0289634960E-03  2.8992337959E-05
  4.0200000000E+01  1.0280887900E-03  2.9283452750E-05
  4.0250000000E+01  1.0271916611E-03  2.9569414146E-05
  4.0300000000E+01  1.0262724357E-03  2.9850286955E-05
  4.0350000000E+01  1.0253314369E-03  3.0126135201E-05
  4.0400000000E+01  1.0243689841E-03  3.0397022134E-05
  4.0450000000E+01  1.0233853936E-03  3.0663010239E-05
  4.0500000000E+01  1.0223809781E-03  3.0924161245E-05
  4.0550000000E+01  1.0213560472E-03  3.1180536135E-05
  4.0600000000E+01  1.0203109071E-03  3.1432195156E-05
  4.0650000000E+01  1.0192458606E-03  3.1679197827E-05
  4.0700000000E+01  1.0181612074E-03  3.1921602949E-05
  4.0750000000E+01  1.0170572440E-03  3.2159468613E-05
  4.0800000000E+01  1.0159342637E-03  3.2392852210E-05
  4.0850000000E+01  1.0147925565E-03  3.2621810438E-05
  4.0900000000E+01  1.0136324095E-03  3.2846399312E-05
  4.0950000000E+01  1.0124541065E-03  3.3066674172E-05
  4.1000000000E+01  1.0112579285E-03  3.3282689692E-05
  4.1050000000E+01  1.0100441532E-03  3.3494499886E-05
  4.1100000000E+01  1.0088130555E-03  3.3702158120E-05
  4.1150000000E+01  1.0075649071E-03  3.3905717115E-05
  4.1200000000E+01  1.0062999769E-03  3.4105228961E-05
  4.1250000000E+01  1.0050185308E-03  3.4300745118E-05
  4.1300000000E+01  1.0037208320E-03  3.4492316430E-05
  4.1350000000E+01  1.0024071406E-03  3.4679993128E-05
  4.1400000000E+01  1.0010777139E-03  3.4863824842E-05
  4.1450000000E+01  9.9973280641E-04  3.5043860602E-05
  4.1500000000E+01  9.9837266996E-04  3.5220148852E-05
  4.1550000000E+01  9.9699755347E-04  3.5392737454E-05
  4.1600000000E+01  9.9560770320E-04  3.5561673694E-05
  4.1650000000E+01  9.9420336267E-04  3.5727004293E-05
  4.1700000000E+01  9.9278477273E-04  3.5888775409E-05
  4.1750000000E+01  9.9135217157E-04  3.6047032647E-05
  4.1800000000E+01  9.8990579475E-04  3.6201821067E-05
  4.1850000000E+01  9.8844587523E-04  3.6353185187E-05
  4.1900000000E+01  9.8697264337E-04  3.6501168992E-05
  4.1950000000E+01  9.8548632698E-04  3.6645815939E-05
  4.2000000000E+01  9.8398715135E-04  3.6787168966E-05
  4.2050000000E+01  9.8247533924E-04  3.6925270495E-05
  4.2100000000E+01  9.8095111095E-04  3.7060162443E-05
  4.2150000000E+01  9.7941468430E-04  3.7191886222E-05
  4.2200000000E+01  9.7786627468E-04  3.7320482749E-05
  4.2250000000E+01  9.7630609508E-04  3.7445992452E-05
  4.2300000000E+01  9.7473435607E-04  3.7568455276E-05
  4.2350000000E+01  9.7315126588E-04  3.7687910687E-05
  4.2400000000E+01  9.7155703040E-04  3.7804397679E-05
  4.2450000000E+01  9.6995185318E-04  3.7917954780E-05
  4.2500000000E+01  9.6833593547E-04  3.8028620058E-05
  4.2550000000E+01  9.6670947628E-04  3.8136431125E-05
  4.2600000000E+01  9.6507267232E-04  3.8241425144E-05
  4.2650000000E+01  9.6342571810E-04  3.8343638834E-05
  4.2700000000E+01  9.6176880592E-04  3.8443108475E-05
  4.2750000000E+01  9.6010212587E-04  3.8539869912E-05
  4.2800000000E+01  9.5842586590E-04  3.8633958566E-05
  4.2850000000E+01  9.5674021179E-04  3.8725409431E-05
  4.2900000000E+01  9.5504534722E-04  3.8814257085E-05
  4.2950000000E+01  9.5334145375E-04  3.8900535693E-05
  4.3000000000E+01  9.5162871086E-04  3.8984279012E-05
  4.3050000000E+01  9.4990729597E-04  3.9065520396E-05
  4.3100000000E+01  9.4817738448E-04  3.9144292800E-05
  4.3150000000E+01  9.4643914973E-04  3.9220628787E-05
  4.3200000000E+01  9.4469276308E-04  3.9294560532E-05
  4.3250000000E+01  9.4293839391E-04  3.9366119824E-05
  4.3300000000E+01  9.4117620963E-04  3.9435338074E-05
  4.3350000000E+01  9.3940637572E-04  3.9502246319E-05
  4.3400000000E+01  9.3762905572E-04  3.9566875225E-05
  4.3450000000E+01  9.3584441129E-04  3.9629255091E-05
  4.3500000000E+01  9.3405260218E-04  3.9689415856E-05
  4.3550000000E+01  9.3225378629E-04  3.9747387103E-05
  4.3600000000E+01  9.3044811967E-04  3.9803198060E-05
  4.3650000000E+01  9.2863575653E-04  3.9856877607E-05
  4.3700000000E+01  9.2681684929E-04  3.9908454281E-05
  4.3750000000E+01  9.2499154855E-04  3.9957956278E-05
  4.3800000000E+01  9.2316000317E-04  4.0005411457E-05
  4.3850000000E+01  9.2132236023E-04  4.0050847345E-05
  4.3900000000E+01  9.1947876507E-04  4.0094291141E-05
  4.3950000000E+01  9.1762936132E-04  4.0135769722E-05
  4.4000000000E+01  9.1577429089E-04  4.0175309641E-05
  4.4050000000E+01  9.1391369404E-04  4.0212937135E-05
  4.4100000000E+01  9.1204770931E-04  4.0248678131E-05
  4.4150000000E+01  9.1017647362E-04  4.0282558245E-05
  4.4200000000E+01  9.0830012224E-04  4.0314602786E-05
  4.4250000000E+01  9.0641878883E-04  4.0344836764E-05
  4.4300000000E+01  9.0453260545E-04  4.0373284890E-05
  4.4350000000E+01  9.0264170256E-04  4.0399971579E-05
  4.4400000000E+01  9.0074620904E-04  4.0424920957E-05
  4.4450000000E+01  8.9884625225E-04  4.0448156860E-05
  4.4500000000E+01  8.9694195798E-04  4.0469702842E-05
  4.4550000000E+01  8.9503345051E-04  4.0489582175E-05
  4.4600000000E+01  8.9312085261E-04  4.0507817853E-05
  4.4650000000E+01  8.9120428556E-04  4.0524432596E-05
  4.4700000000E+01  8.8928386916E-04  4.0539448855E-05
  4.4750000000E+01  8.8735972174E-04  4.0552888810E-05
  4.4800000000E+01  8.8543196020E-04  4.0564774378E-05
  4.4850000000E+01  8.8350070000E-04  4.0575127215E-05
  4.4900000000E+01  8.8156605517E-04  4.0583968717E-05
  4.4950000000E+01  8.7962813836E-04  4.0591320027E-05
  4.5000000000E+01  8.7768706082E-04  4.0597202034E-05
  4.5050000000E+01  8.7574293242E-04  4.0601635377E-05
  4.5100000000E+01  8.7379586169E-04  4.0604640450E-05
  4.5150000000E+01  8.7184595578E-04  4.0606237403E-05
  4.5200000000E+01  8.6989332054E-04  4.0606446147E-05
  4.5250000000E+01  8.6793806049E-04  4.0605286352E-05
  4.5300000000E+01  8.6598027885E-04  4.0602777455E-05
  4.5350000000E+01  8.6402007753E-04  4.0598938662E-05
  4.5400000000E+01  8.6205755719E-04  4.0593788946E-05
  4.5450000000E+01  8.6009281721E-04  4.0587347057E-05
  4.5500000000E+01  8.5812595572E-04  4.0579631519E-05
  4.5550000000E+01  8.5615706960E-04  4.0570660634E-05
  4.5600000000E+01  8.5418625454E-04  4.0560452487E-05
  4.5650000000E+01  8.5221360498E-04  4.0549024945E-05
  4.5700000000E+01  8.5023921418E-04  4.0536395663E-05
  4.5750000000E+01  8.4826317420E-04  4.0522582082E-05
  4.5800000000E+01  8.4628557594E-04  4.0507601438E-05
  4.5850000000E+01  8.4430650913E-04  4.0491470758E-05
  4.5900000000E+01  8.4232606234E-04  4.0474206865E-05
  4.5950000000E+01  8.4034432302E-04  4.0455826383E-05
  4.6000000000E+01  8.3836137748E-04  4.0436345735E-05
  4.6050000000E+01  8.3637731091E-04  4.0415781147E-05
  4.6100000000E+01  8.3439220742E-04  4.0394148652E-05
  4.6150000000E+01  8.3240615002E-04  4.0371464089E-05
  4.6200000000E+01  8.3041922061E-04  4.0347743108E-05
  4.6250000000E+01  8.2843150007E-04  4.0323001172E-05
  4.6300000000E+01  8.2644306819E-04  4.0297253558E-05
  4.6350000000E+01  8.2445400372E-04  4.0270515359E-05
  4.6400000000E+01  8.2246438438E-04  4.0242801487E-05
  4.6450000000E+01  8.2047428687E-04  4.0214126675E-05
  4.6500000000E+01  8.1848378686E-04  4.0184505480E-05
  4.6550000000E+01  8.1649295904E-04  4.0153952283E-05
  4.6600000000E+01  8.1450187709E-04  4.0122481293E-05
  4.6650000000E+01  8.1251061372E-04  4.0090106547E-05
  4.6700000000E+01  8.1051924066E-04  4.0056841914E-05
  4.6750000000E+01  8.0852782868E-04  4.0022701095E-05
  4.6800000000E+01  8.0653644762E-04  3.9987697628E-05
  4.6850000000E+01  8.0454516635E-04  3.9951844887E-05
  4.6900000000E+01  8.0255405283E-04  3.9915156084E-05
  4.6950000000E+01  8.0056317409E-04  3.9877644273E-05
  4.7000000000E+01  7.9857259625E-04  3.9839322350E-05
  4.7050000000E+01  7.9658238455E-04  3.9800203056E-05
  4.7100000000E+01  7.9459260331E-04  3.9760298978E-05
  4.7150000000E+01  7.9260331597E-04  3.9719622550E-05
  4.7200000000E+01  7.9061458513E-04  3.9678186058E-05
  4.7250000000E+01  7.8862647250E-04  3.9636001638E-05
  4.7300000000E+01  7.8663903894E-04  3.9593081280E-05
  4.7350000000E+01  7.8465234447E-04  3.9549436829E-05
  4.7400000000E+01  7.8266644828E-04  3.9505079985E-05
  4.7450000000E+01  7.8068140872E-04  3.9460022309E-05
  4.7500000000E+01  7.7869728334E-04  3.9414275220E-05
  4.7550000000E+01  7.7671412888E-04  3.9367850001E-05
  4.7600000000E+01  7.7473200126E-04  3.9320757794E-05
  4.7650000000E+01  7.7275095563E-04  3.9273009612E-05
  4.7700000000E+01  7.7077104635E-04  3.9224616328E-05
  4.7750000000E+01  7.6879232702E-04  3.9175588687E-05
  4.7800000000E+01  7.6681485045E-04  3.9125937302E-05
  4.7850000000E+01  7.6483866871E-04  3.9075672659E-05
  4.7900000000E+01  7.6286383313E-04  3.9024805112E-05
  4.7950000000E+01  7.6089039427E-04  3.8973344895E-05
  4.8000000000E+01  7.5891840199E-04  3.8921302112E-05
  4.8050000000E+01  7.5694790540E-04  3.8868686747E-05
  4.8100000000E+01  7.5497895291E-04  3.8815508661E-05
  4.8150000000E+01  7.5301159222E-04  3.8761777596E-05
  4.8200000000E+01  7.5104587032E-04  3.8707503174E-05
  4.8250000000E+01  7.4908183351E-04  3.8652694899E-05
  4.8300000000E+01  7.4711952742E-04  3.8597362162E-05
  4.8350000000E+01  7.4515899697E-04  3.8541514234E-05
  4.8400000000E+01  7.4320028645E-04  3.8485160277E-05
  4.8450000000E+01  7.4124343945E-04  3.8428309340E-05
  4.8500000000E+01  7.3928849893E-04  3.8370970358E-05
  4.8550000000E+01  7.3733550718E-04  3.8313152161E-05
  4.8600000000E+01  7.3538450588E-04  3.8254863468E-05
  4.8650000000E+01  7.3343553603E-04  3.8196112891E-05
  4.8700000000E+01  7.3148863805E-04  3.8136908936E-05
  4.8750000000E+01  7.2954385171E-04  3.8077260007E-05
  4.8800000000E+01  7.2760121618E-04  3.8017174401E-05
  4.8850000000E+01  7.2566077001E-04  3.7956660315E-05
  4.8900000000E+01  7.2372255117E-04  3.7895725845E-05
  4.8950000000E+01  7.2178659702E-04  3.7834378986E-05
  4.9000000000E+01  7.1985294435E-04  3.7772627635E-05
  4.9050000000E+01  7.1792162934E-04  3.7710479592E-05
  4.9100000000E+01  7.1599268764E-04  3.7647942559E-05
  4.9150000000E+01  7.1406615429E-04  3.7585024144E-05
  4.9200000000E+01  7.1214206380E-04  3.7521731861E-05
  4.9250000000E+01  7.1022045011E-04  3.7458073129E-05
  4.9300000000E+01  7.0830134662E-04  3.7394055279E-05
  4.9350000000E+01  7.0638478618E-04  3.7329685546E-05
  4.9400000000E+01  7.0447080111E-04  3.7264971078E-05
  4.9450000000E+01  7.0255942321E-04  3.7199918934E-05
  4.9500000000E+01  7.0065068373E-04  3.7134536084E-05
  4.9550000000E+01  6.9874461343E-04  3.7068829412E-05
  4.9600000000E+01  6.9684124253E-04  3.7002805717E-05
  4.9650000000E+01  6.9494060078E-04  3.6936471711E-05
  4.9700000000E+01  6.9304271739E-04  3.6869834023E-05
  4.9750000000E+01  6.9114762111E-04  3.6802899201E-05
  4.9800000000E+01  6.8925534017E-04  3.6735673707E-05
  4.9850000000E+01  6.8736590234E-04  3.6668163927E-05
  4.9900000000E+01  6.8547933490E-04  3.6600376162E-05
  4.9950000000E+01  6.8359566466E-04  3.6532316638E-05
  5.0000000000E+01  6.8171491797E-04  3.6463991500E-05
